> dat2 <- read.table("CM_C.Mb.meta.txt", sep="\t")
>  r <- dat2$V1
>  n <- dat2$V2
>  labels <- dat2$V3
>  metacor.OP(r,n,labels)
> r
  [1] -0.4325597 -0.4380470 -0.2848137 -0.2616812 -0.3633623 -0.2914090 -0.3418478 -0.3418478 -0.2941119 -0.3458389
 [11] -0.2941119 -0.4379043 -0.2682536 -0.2664549 -0.2664549 -0.3441056 -0.4409772 -0.4452894 -0.4379043 -0.2434410
 [21] -0.3667946 -0.2641308 -0.2682536 -0.4380470 -0.2664549 -0.3250936 -0.2689004 -0.3647075 -0.3250936 -0.3633623
 [31] -0.3667946 -0.4202386 -0.2664549 -0.2707650 -0.4202386 -0.4355979 -0.3215177 -0.3381933 -0.3441056 -0.2914090
 [41] -0.4202386 -0.4380470 -0.2664549 -0.2664549 -0.2641308 -0.3500892 -0.3477622 -0.3500892 -0.4202386 -0.3458389
 [51] -0.2664549 -0.3664957 -0.2682536 -0.3418478 -0.2914090 -0.3441056 -0.4379043 -0.3463907 -0.2848137 -0.4452894
 [61] -0.2616812 -0.3686674 -0.4227180 -0.3691001 -0.2641308 -0.3693375 -0.2689004 -0.2616812 -0.3727193 -0.2914090
 [71] -0.2707650 -0.3441056 -0.2689004 -0.2689004 -0.3664957 -0.3667946 -0.3631819 -0.3664957 -0.4433407 -0.3647075
 [81] -0.2848137 -0.3500892 -0.3215177 -0.2641308 -0.2874670 -0.3667946 -0.4246127 -0.3477622 -0.3587326 -0.3441056
 [91] -0.4399457 -0.4171803 -0.2689004 -0.2616812 -0.3477622 -0.3465608 -0.3215177 -0.4227180 -0.3627100 -0.3667946
> n
  [1] 28 28 28 28 28 28 28 28 28 28 28 28 28 28 28 28 28 28 28 28 28 28 28 28 28 28 28 28 28 28 28 28 28 28 28 28 28 28 28 28
 [41] 28 28 28 28 28 28 28 28 28 28 28 28 28 28 28 28 28 28 28 28 28 28 28 28 28 28 28 28 28 28 28 28 28 28 28 28 28 28 28 28
 [81] 28 28 28 28 28 28 28 28 28 28 28 28 28 28 28 28 28 28 28 28
> metacor.OP(r,n,labels)
> res <- metacor.OP(r,n,labels)
> res
$G
         1          2          3          4          5          6          7          8          9         10         11 
-0.4398852 -0.4454218 -0.2902660 -0.2667596 -0.3699329 -0.2969645 -0.3481374 -0.3481374 -0.2997092 -0.3521821 -0.2997092 
        12         13         14         15         16         17         18         19         20         21         22 
-0.4452779 -0.2734401 -0.2716119 -0.2716119 -0.3504256 -0.4483777 -0.4527268 -0.4452779 -0.2482121 -0.3734081 -0.2692496 
        23         24         25         26         27         28         29         30         31         32         33 
-0.2734401 -0.4454218 -0.2716119 -0.3311506 -0.2740974 -0.3712949 -0.3311506 -0.3699329 -0.3734081 -0.4274474 -0.2716119 
        34         35         36         37         38         39         40         41         42         43         44 
-0.2759924 -0.4274474 -0.4429509 -0.3275236 -0.3444331 -0.3504256 -0.2969645 -0.4274474 -0.4454218 -0.2716119 -0.2716119 
        45         46         47         48         49         50         51         52         53         54         55 
-0.2692496 -0.3564888 -0.3541310 -0.3564888 -0.4274474 -0.3521821 -0.2716119 -0.3731055 -0.2734401 -0.3481374 -0.2969645 
        56         57         58         59         60         61         62         63         64         65         66 
-0.3504256 -0.4452779 -0.3527413 -0.2902660 -0.4527268 -0.2667596 -0.3753041 -0.4299510 -0.3757421 -0.2692496 -0.3759824 
        67         68         69         70         71         72         73         74         75         76         77 
-0.2740974 -0.2667596 -0.3794056 -0.2969645 -0.2759924 -0.3504256 -0.2740974 -0.2740974 -0.3731055 -0.3734081 -0.3697502 
        78         79         80         81         82         83         84         85         86         87         88 
-0.3731055 -0.4507616 -0.3712949 -0.2902660 -0.3564888 -0.3275236 -0.2692496 -0.2929610 -0.3734081 -0.4318639 -0.3541310 
        89         90         91         92         93         94         95         96         97         98         99 
-0.3652444 -0.3504256 -0.4473372 -0.4243589 -0.2740974 -0.2667596 -0.3541310 -0.3529137 -0.3275236 -0.4299510 -0.3692723 
       100 
-0.3734081 

$G.var
         1          2          3          4          5          6          7          8          9         10         11 
0.02636650 0.02603323 0.03447518 0.03553745 0.03040596 0.03415994 0.03158414 0.03158414 0.03402922 0.03136887 0.03402922 
        12         13         14         15         16         17         18         19         20         21         22 
0.02604192 0.03524268 0.03532392 0.03532392 0.03146255 0.02585466 0.02559112 0.02604192 0.03632498 0.03021412 0.03542826 
        23         24         25         26         27         28         29         30         31         32         33 
0.03524268 0.02603323 0.03532392 0.03247040 0.03521337 0.03033090 0.03247040 0.03040596 0.03021412 0.02710899 0.03532392 
        34         35         36         37         38         39         40         41         42         43         44 
0.03512855 0.02710899 0.02618216 0.03265577 0.03177988 0.03146255 0.03415994 0.02710899 0.02603323 0.03532392 0.03532392 
        45         46         47         48         49         50         51         52         53         54         55 
0.03542826 0.03113793 0.03126458 0.03113793 0.02710899 0.03136887 0.03532392 0.03023087 0.03524268 0.03158414 0.03415994 
        56         57         58         59         60         61         62         63         64         65         66 
0.03146255 0.02604192 0.03133899 0.03447518 0.02559112 0.03553745 0.03010901 0.02696026 0.03008469 0.03542826 0.03007133 
        67         68         69         70         71         72         73         74         75         76         77 
0.03521337 0.03553745 0.02988059 0.03415994 0.03512855 0.03146255 0.03521337 0.03521337 0.03023087 0.03021412 0.03041602 
        78         79         80         81         82         83         84         85         86         87         88 
0.03023087 0.02571032 0.03033090 0.03447518 0.03113793 0.03265577 0.03542826 0.03434900 0.03021412 0.02684636 0.03126458 
        89         90         91         92         93         94         95         96         97         98         99 
0.03066309 0.03146255 0.02591757 0.02729194 0.03521337 0.03553745 0.03126458 0.03132977 0.03265577 0.02696026 0.03044231 
       100 
0.03021412 

$G.lower
            1             2             3             4             5             6             7             8 
-0.1216308648 -0.1291852451  0.0736501770  0.1027206837 -0.0281679441  0.0652840503  0.0001859978  0.0001859978 
            9            10            11            12            13            14            15            16 
 0.0618455363 -0.0050478276  0.0618455363 -0.1289885316  0.0945046602  0.0967566253  0.0967566253 -0.0027733562 
           17            18            19            20            21            22            23            24 
-0.1332275946 -0.1391869773 -0.1289885316  0.1253396392 -0.0327230294  0.0996625451  0.0945046602 -0.1291852451 
           25            26            27            28            29            30            31            32 
 0.0967566253  0.0220259723  0.0936942354 -0.0299521603  0.0220259723 -0.0281679441 -0.0327230294 -0.1047431593 
           33            34            35            36            37            38            39            40 
 0.0967566253  0.0913560626 -0.1047431593 -0.1258110425  0.0266597217  0.0049679239 -0.0027733562  0.0652840503 
           41            42            43            44            45            46            47            48 
-0.1047431593 -0.1291852451  0.0967566253  0.0967566253  0.0996625451 -0.0106346618 -0.0075742511 -0.0106346618 
           49            50            51            52            53            54            55            56 
-0.1047431593 -0.0050478276  0.0967566253 -0.0323260088  0.0945046602  0.0001859978  0.0652840503 -0.0027733562 
           57            58            59            60            61            62            63            64 
-0.1289885316 -0.0057723825  0.0736501770 -0.1391869773  0.1027206837 -0.0352121059 -0.1081331381 -0.0357875579 
           65            66            67            68            69            70            71            72 
 0.0996625451 -0.0361033367  0.0936942354  0.1027206837 -0.0406061190  0.0652840503  0.0913560626 -0.0027733562 
           73            74            75            76            77            78            79            80 
 0.0936942354  0.0936942354 -0.0323260088 -0.0327230294 -0.0279287703 -0.0323260088 -0.1364923642 -0.0299521603 
           81            82            83            84            85            86            87            88 
 0.0736501770 -0.0106346618  0.0266597217  0.0996625451  0.0702885941 -0.0327230294 -0.1107265326 -0.0075742511 
           89            90            91            92            93            94            95            96 
-0.0220374834 -0.0027733562 -0.1318039317 -0.1005675191  0.0936942354  0.1027206837 -0.0075742511 -0.0059957825 
           97            98            99           100 
 0.0266597217 -0.1081331381 -0.0273032398 -0.0327230294 

$G.upper
         1          2          3          4          5          6          7          8          9         10         11 
-0.7581396 -0.7616584 -0.6541822 -0.6362398 -0.7116978 -0.6592130 -0.6964607 -0.6964607 -0.6612639 -0.6993164 -0.6612639 
        12         13         14         15         16         17         18         19         20         21         22 
-0.7615672 -0.6413848 -0.6399805 -0.6399805 -0.6980779 -0.7635278 -0.7662667 -0.7615672 -0.6217639 -0.7140931 -0.6381618 
        23         24         25         26         27         28         29         30         31         32         33 
-0.6413848 -0.7616584 -0.6399805 -0.6843272 -0.6418891 -0.7126377 -0.6843272 -0.7116978 -0.7140931 -0.7501517 -0.6399805 
        34         35         36         37         38         39         40         41         42         43         44 
-0.6433408 -0.7501517 -0.7600908 -0.6817068 -0.6938342 -0.6980779 -0.6592130 -0.7501517 -0.7616584 -0.6399805 -0.6399805 
        45         46         47         48         49         50         51         52         53         54         55 
-0.6381618 -0.7023430 -0.7006878 -0.7023430 -0.7501517 -0.6993164 -0.6399805 -0.7138849 -0.6413848 -0.6964607 -0.6592130 
        56         57         58         59         60         61         62         63         64         65         66 
-0.6980779 -0.7615672 -0.6997102 -0.6541822 -0.7662667 -0.6362398 -0.7153960 -0.7517688 -0.7156966 -0.6381618 -0.7158615 
        67         68         69         70         71         72         73         74         75         76         77 
-0.6418891 -0.6362398 -0.7182050 -0.6592130 -0.6433408 -0.6980779 -0.6418891 -0.6418891 -0.7138849 -0.7140931 -0.7115716 
        78         79         80         81         82         83         84         85         86         87         88 
-0.7138849 -0.7650308 -0.7126377 -0.6541822 -0.7023430 -0.6817068 -0.6381618 -0.6562106 -0.7140931 -0.7530012 -0.7006878 
        89         90         91         92         93         94         95         96         97         98         99 
-0.7084514 -0.6980779 -0.7628705 -0.7481504 -0.6418891 -0.6362398 -0.7006878 -0.6998315 -0.6817068 -0.7517688 -0.7112414 
       100 
-0.7140931 

$G.mean
[1] -0.3462738

$G.mean.se
[1] 0.01693743

$G.mean.lower
[1] -0.313077

$G.mean.upper
[1] -0.3794705

$p
[1] 3.376204e-93