> r <- dat1$V1
> n <- dat1$V2
> labels <- dat1$V3
> metacor.OP(r,n,labels)
> p
Error: object 'p' not found
> res <- metacor.OP(r,n,labels)
> res
$G
         1          2          3          4          5          6          7          8          9         10         11 
-0.7295407 -0.6982704 -0.6985311 -0.7047571 -0.6782182 -0.7023966 -0.7053124 -0.7053124 -0.6646093 -0.7037420 -0.6646093 
        12         13         14         15         16         17         18         19         20         21         22 
-0.7333146 -0.7089765 -0.6891615 -0.6891615 -0.7260789 -0.7536530 -0.7275821 -0.7333146 -0.6947177 -0.7117630 -0.6659364 
        23         24         25         26         27         28         29         30         31         32         33 
-0.7089765 -0.6982704 -0.6891615 -0.6765097 -0.6479409 -0.7180385 -0.6765097 -0.6782182 -0.7117630 -0.7443770 -0.6891615 
        34         35         36         37         38         39         40         41         42         43         44 
-0.6712680 -0.7443770 -0.7510482 -0.7120410 -0.7218688 -0.7260789 -0.7023966 -0.7443770 -0.6982704 -0.6891615 -0.6891615 
        45         46         47         48         49         50         51         52         53         54         55 
-0.6659364 -0.7040946 -0.6937684 -0.7040946 -0.7443770 -0.7037420 -0.6891615 -0.6795225 -0.7089765 -0.7053124 -0.7023966 
        56         57         58         59         60         61         62         63         64         65         66 
-0.7260789 -0.7333146 -0.6669924 -0.6985311 -0.7275821 -0.7047571 -0.7172148 -0.6873517 -0.7438850 -0.6659364 -0.6828539 
        67         68         69         70         71         72         73         74         75         76         77 
-0.6479409 -0.7047571 -0.7146289 -0.7023966 -0.6712680 -0.7260789 -0.6479409 -0.6479409 -0.6795225 -0.7117630 -0.7415343 
        78         79         80         81         82         83         84         85         86         87         88 
-0.6795225 -0.7028807 -0.7180385 -0.6985311 -0.7040946 -0.7120410 -0.6659364 -0.6597050 -0.7117630 -0.7165127 -0.6937684 
        89         90         91         92         93         94         95         96         97         98         99 
-0.7143320 -0.7260789 -0.7244519 -0.7205814 -0.6479409 -0.7047571 -0.6937684 -0.7351628 -0.7120410 -0.6873517 -0.7132008 
       100 
-0.7117630 

$G.var
          1           2           3           4           5           6           7           8           9          10 
0.008865627 0.010574040 0.010559421 0.010212112 0.011715302 0.010343383 0.010181302 0.010181302 0.012507471 0.010268500 
         11          12          13          14          15          16          17          18          19          20 
0.012507471 0.008665992 0.009978722 0.011088407 0.011088407 0.009050058 0.007616826 0.008969824 0.008665992 0.010773820 
         21          22          23          24          25          26          27          28          29          30 
0.009825492 0.012429641 0.009978722 0.010574040 0.011088407 0.011814013 0.013494787 0.009483102 0.011814013 0.011715302 
         31          32          33          34          35          36          37          38          39          40 
0.009825492 0.008089601 0.011088407 0.012118204 0.008089601 0.007748588 0.009810243 0.009276001 0.009050058 0.010343383 
         41          42          43          44          45          46          47          48          49          50 
0.008089601 0.010574040 0.011088407 0.011088407 0.012429641 0.010248906 0.010827387 0.010248906 0.008089601 0.010268500 
         51          52          53          54          55          56          57          58          59          60 
0.011088407 0.011640096 0.009978722 0.010181302 0.010343383 0.009050058 0.008665992 0.012367797 0.010559421 0.008969824 
         61          62          63          64          65          66          67          68          69          70 
0.010212112 0.009527826 0.011191425 0.008114953 0.012429641 0.011448592 0.013494787 0.010212112 0.009668657 0.010343383 
         71          72          73          74          75          76          77          78          79          80 
0.012118204 0.009050058 0.013494787 0.013494787 0.011640096 0.009825492 0.008236437 0.011640096 0.010316420 0.009483102 
         81          82          83          84          85          86          87          88          89          90 
0.010559421 0.010248906 0.009810243 0.012429641 0.012796113 0.009825492 0.009565998 0.010827387 0.009684872 0.009050058 
         91          92          93          94          95          96          97          98          99         100 
0.009137165 0.009345450 0.013494787 0.010212112 0.010827387 0.008568769 0.009810243 0.011191425 0.009746712 0.009825492 

$G.lower
         1          2          3          4          5          6          7          8          9         10         11 
-0.5449955 -0.4967270 -0.4971271 -0.5066929 -0.4660771 -0.5030635 -0.5075473 -0.5075473 -0.4454131 -0.5051318 -0.4454131 
        12         13         14         15         16         17         18         19         20         21         22 
-0.5508590 -0.5131887 -0.4827744 -0.4827744 -0.5396241 -0.5825983 -0.5419556 -0.5508590 -0.4912793 -0.5174843 -0.4474233 
        23         24         25         26         27         28         29         30         31         32         33 
-0.5131887 -0.4967270 -0.4827744 -0.4634767 -0.4202576 -0.5271748 -0.4634767 -0.4660771 -0.5174843 -0.5680935 -0.4827744 
        34         35         36         37         38         39         40         41         42         43         44 
-0.4555099 -0.5680935 -0.5785203 -0.5179131 -0.5331008 -0.5396241 -0.5030635 -0.5680935 -0.4967270 -0.4827744 -0.4827744 
        45         46         47         48         49         50         51         52         53         54         55 
-0.4474233 -0.5056739 -0.4898249 -0.5056739 -0.5680935 -0.5051318 -0.4827744 -0.4680634 -0.5131887 -0.5075473 -0.5030635 
        56         57         58         59         60         61         62         63         64         65         66 
-0.5396241 -0.5508590 -0.4490237 -0.4971271 -0.5419556 -0.5066929 -0.5259016 -0.4800081 -0.5673255 -0.4474233 -0.4731415 
        67         68         69         70         71         72         73         74         75         76         77 
-0.4202576 -0.5066929 -0.5219070 -0.5030635 -0.4555099 -0.5396241 -0.4202576 -0.4202576 -0.4680634 -0.5174843 -0.5636581 
        78         79         80         81         82         83         84         85         86         87         88 
-0.4680634 -0.5038076 -0.5271748 -0.4971271 -0.5056739 -0.5179131 -0.4474233 -0.4379941 -0.5174843 -0.5248166 -0.4898249 
        89         90         91         92         93         94         95         96         97         98         99 
-0.5214485 -0.5396241 -0.5371018 -0.5311080 -0.4202576 -0.5066929 -0.4898249 -0.5537336 -0.5179131 -0.4800081 -0.5197025 
       100 
-0.5174843 

$G.upper
         1          2          3          4          5          6          7          8          9         10         11 
-0.9140860 -0.8998138 -0.8999351 -0.9028212 -0.8903593 -0.9017297 -0.9030776 -0.9030776 -0.8838054 -0.9023523 -0.8838054 
        12         13         14         15         16         17         18         19         20         21         22 
-0.9157702 -0.9047642 -0.8955487 -0.8955487 -0.9125338 -0.9247077 -0.9132086 -0.9157702 -0.8981561 -0.9060417 -0.8844494 
        23         24         25         26         27         28         29         30         31         32         33 
-0.9047642 -0.8998138 -0.8955487 -0.8895426 -0.8756241 -0.9089022 -0.8895426 -0.8903593 -0.9060417 -0.9206605 -0.8955487 
        34         35         36         37         38         39         40         41         42         43         44 
-0.8870262 -0.9206605 -0.9235761 -0.9061689 -0.9106369 -0.9125338 -0.9017297 -0.9206605 -0.8998138 -0.8955487 -0.8955487 
        45         46         47         48         49         50         51         52         53         54         55 
-0.8844494 -0.9025152 -0.8977119 -0.9025152 -0.9206605 -0.9023523 -0.8955487 -0.8909816 -0.9047642 -0.9030776 -0.9017297 
        56         57         58         59         60         61         62         63         64         65         66 
-0.9125338 -0.9157702 -0.8849612 -0.8999351 -0.9132086 -0.9028212 -0.9085280 -0.8946954 -0.9204445 -0.8844494 -0.8925663 
        67         68         69         70         71         72         73         74         75         76         77 
-0.8756241 -0.9028212 -0.9073509 -0.9017297 -0.8870262 -0.9125338 -0.8756241 -0.8756241 -0.8909816 -0.9060417 -0.9194105 
        78         79         80         81         82         83         84         85         86         87         88 
-0.8909816 -0.9019538 -0.9089022 -0.8999351 -0.9025152 -0.9061689 -0.8844494 -0.8814159 -0.9060417 -0.9082088 -0.8977119 
        89         90         91         92         93         94         95         96         97         98         99 
-0.9072155 -0.9125338 -0.9118019 -0.9100548 -0.8756241 -0.9028212 -0.8977119 -0.9165921 -0.9061689 -0.8946954 -0.9066991 
       100 
-0.9060417 

$G.mean
[1] -0.7018381

$G.mean.se
[1] 0.009765365

$G.mean.lower
[1] -0.6826984

$G.mean.upper
[1] -0.7209779

$p
[1] 0