Substitution length type 0
0.02475163801599638
0.01372991631398848
0.006740186360488846
0.0033579940294808717
0.0012164769397226003
0.0012125322158572007
0.0017703702894514332
0.0022141148561045355
0.002330423612879667
0.012044705520568704
Substitution length type 1
0.027950263199130597
0.015418596198112693
0.007277712167739403
0.0036910259899991965
0.0013094661203717993
0.0012332464600721584
0.001979907833982059
0.002593548202281479
0.0027446274704719968
0.01401816270136351
Substitution length type 2
0.018749338496432885
0.010556830412742364
0.005000571384387639
0.002403898610396219
8.235007631208263E-4
8.199061039125895E-4
0.0012954079798362772
0.001757112955402926
0.0018900132833936972
0.009710104388598418
Substitution length type 3
0.021703718043369954
0.011940549143043148
0.0057794178448540975
0.0026431456781877273
9.601726085781252E-4
9.592311864981642E-4
0.0014557880098197173
0.0018288204333726324
0.0021411042716521357
0.011028929707138473
Substitution length type 4
0.10592245468676059
0.05850210363842728
0.02907572387601598
0.013696089616026239
0.004520635897681049
0.004317298011375582
0.007205642257812539
0.009162546672966251
0.009732271244989172
0.052687589107083405
Substitution length type 5
0.08169433361749796
0.043215535298882425
0.021344871801118055
0.010186585545658116
0.003611893223782044
0.003514879278903123
0.005782280665236835
0.007216078817363785
0.007945803138318093
0.04117524323846082
Substitution length type 6
0.04102651590192361
0.022091570939013327
0.009946946385287541
0.0048013571277003815
0.0015777842408276608
0.0014568067948621723
0.002873377684368699
0.0037385287533529938
0.0048343066343473065
0.028699975779912467
Substitution length type 7
0.04428534443881891
0.02401225918291786
0.010774312402940366
0.004875509975885841
0.0019195284602952956
0.0018727854670840436
0.0029119172684150645
0.004254231977972516
0.005536123855343581
0.03133637225194607
Substitution length type 8
0.17116271900933802
0.11431161566044751
0.0626076091617327
0.03464970934421632
0.013463068592131793
0.013674057242239216
0.01956755596880423
0.022873121211190884
0.02483383520944969
0.12565981185593894
