	AAA	AAC	AAG	AAT	ACA	ACC	ACG	ACT	AGA	AGC	AGG	AGT	ATA	ATC	ATG	ATT	CAA	CAC	CAG	CAT	CCA	CCC	CCG	CCT	CGA	CGC	CGG	CGT	CTA	CTC	CTG	CTT	GAA	GAC	GAG	GAT	GCA	GCC	GCG	GCT	GGA	GGC	GGG	GGT	GTA	GTC	GTG	GTT	TAC	TAT	TCA	TCC	TCG	TCT	TGC	TGG	TGT	TTA	TTC	TTG	TTT	
AAA	-0.048190916	0.002536364	0.02536364	0.002536364	0.002536364	0	0	0	0.005072728	0	0	0	0.002536364	0	0	0	0.002536364	0	0	0	0	0	0	0	0	0	0	0	0	0	0	0	0.005072728	0	0	0	0	0	0	0	0	0	0	0	0	0	0	0	0	0	0	0	0	0	0	0	0	0	0	0	0	
AAC	0.002536364	-0.05072728	0.002536364	0.02536364	0	0.002536364	0	0	0	0.005072728	0	0	0	0.002536364	0	0	0	0.002536364	0	0	0	0	0	0	0	0	0	0	0	0	0	0	0	0.005072728	0	0	0	0	0	0	0	0	0	0	0	0	0	0	0.002536364	0	0	0	0	0	0	0	0	0	0	0	0	
AAG	0.02536364	0.002536364	-0.048190916	0.002536364	0	0	0.002536364	0	0	0	0.005072728	0	0	0	0.002536364	0	0	0	0.002536364	0	0	0	0	0	0	0	0	0	0	0	0	0	0	0	0.005072728	0	0	0	0	0	0	0	0	0	0	0	0	0	0	0	0	0	0	0	0	0	0	0	0	0	0	
AAT	0.002536364	0.02536364	0.002536364	-0.05072728	0	0	0	0.002536364	0	0	0	0.005072728	0	0	0	0.002536364	0	0	0	0.002536364	0	0	0	0	0	0	0	0	0	0	0	0	0	0	0	0.005072728	0	0	0	0	0	0	0	0	0	0	0	0	0	0.002536364	0	0	0	0	0	0	0	0	0	0	0	
ACA	0.002536364	0	0	0	-0.071018192	0.01268182	0.02536364	0.01268182	0.002536364	0	0	0	0.005072728	0	0	0	0	0	0	0	0.002536364	0	0	0	0	0	0	0	0	0	0	0	0	0	0	0	0.005072728	0	0	0	0	0	0	0	0	0	0	0	0	0	0.002536364	0	0	0	0	0	0	0	0	0	0	
ACC	0	0.002536364	0	0	0.01268182	-0.071018192	0.01268182	0.02536364	0	0.002536364	0	0	0	0.005072728	0	0	0	0	0	0	0	0.002536364	0	0	0	0	0	0	0	0	0	0	0	0	0	0	0	0.005072728	0	0	0	0	0	0	0	0	0	0	0	0	0	0.002536364	0	0	0	0	0	0	0	0	0	
ACG	0	0	0.002536364	0	0.02536364	0.01268182	-0.071018192	0.01268182	0	0	0.002536364	0	0	0	0.005072728	0	0	0	0	0	0	0	0.002536364	0	0	0	0	0	0	0	0	0	0	0	0	0	0	0	0.005072728	0	0	0	0	0	0	0	0	0	0	0	0	0	0.002536364	0	0	0	0	0	0	0	0	
ACT	0	0	0	0.002536364	0.01268182	0.02536364	0.01268182	-0.071018192	0	0	0	0.002536364	0	0	0	0.005072728	0	0	0	0	0	0	0	0.002536364	0	0	0	0	0	0	0	0	0	0	0	0	0	0	0	0.005072728	0	0	0	0	0	0	0	0	0	0	0	0	0	0.002536364	0	0	0	0	0	0	0	
AGA	0.005072728	0	0	0	0.002536364	0	0	0	-0.058336372	0.002536364	0.02536364	0.002536364	0.002536364	0	0	0	0	0	0	0	0	0	0	0	0.01268182	0	0	0	0	0	0	0	0	0	0	0	0	0	0	0	0.005072728	0	0	0	0	0	0	0	0	0	0	0	0	0	0	0	0	0	0	0	0	
AGC	0	0.005072728	0	0	0	0.002536364	0	0	0.002536364	-0.05072728	0.002536364	0.02536364	0	0.002536364	0	0	0	0	0	0	0	0	0	0	0	0.002536364	0	0	0	0	0	0	0	0	0	0	0	0	0	0	0	0.005072728	0	0	0	0	0	0	0	0	0	0	0	0	0.002536364	0	0	0	0	0	0	
AGG	0	0	0.005072728	0	0	0	0.002536364	0	0.02536364	0.002536364	-0.060872736	0.002536364	0	0	0.002536364	0	0	0	0	0	0	0	0	0	0	0	0.01268182	0	0	0	0	0	0	0	0	0	0	0	0	0	0	0	0.005072728	0	0	0	0	0	0	0	0	0	0	0	0	0.002536364	0	0	0	0	0	
AGT	0	0	0	0.005072728	0	0	0	0.002536364	0.002536364	0.02536364	0.002536364	-0.05072728	0	0	0	0.002536364	0	0	0	0	0	0	0	0	0	0	0	0.002536364	0	0	0	0	0	0	0	0	0	0	0	0	0	0	0	0.005072728	0	0	0	0	0	0	0	0	0	0	0	0	0.002536364	0	0	0	0	
ATA	0.002536364	0	0	0	0.005072728	0	0	0	0.002536364	0	0	0	-0.05072728	0.01268182	0.005072728	0.01268182	0	0	0	0	0	0	0	0	0	0	0	0	0.002536364	0	0	0	0	0	0	0	0	0	0	0	0	0	0	0	0.005072728	0	0	0	0	0	0	0	0	0	0	0	0	0.002536364	0	0	0	
ATC	0	0.002536364	0	0	0	0.005072728	0	0	0	0.002536364	0	0	0.01268182	-0.060872736	0.002536364	0.02536364	0	0	0	0	0	0	0	0	0	0	0	0	0	0.002536364	0	0	0	0	0	0	0	0	0	0	0	0	0	0	0	0.005072728	0	0	0	0	0	0	0	0	0	0	0	0	0.002536364	0	0	
ATG	0	0	0.002536364	0	0	0	0.005072728	0	0	0	0.002536364	0	0.005072728	0.002536364	-0.030436368	0.002536364	0	0	0	0	0	0	0	0	0	0	0	0	0	0	0.002536364	0	0	0	0	0	0	0	0	0	0	0	0	0	0	0	0.005072728	0	0	0	0	0	0	0	0	0	0	0	0	0.002536364	0	
ATT	0	0	0	0.002536364	0	0	0	0.005072728	0	0	0	0.002536364	0.01268182	0.02536364	0.002536364	-0.060872736	0	0	0	0	0	0	0	0	0	0	0	0	0	0	0	0.002536364	0	0	0	0	0	0	0	0	0	0	0	0	0	0	0	0.005072728	0	0	0	0	0	0	0	0	0	0	0	0	0.002536364	
CAA	0.002536364	0	0	0	0	0	0	0	0	0	0	0	0	0	0	0	-0.045654552	0.002536364	0.02536364	0.002536364	0.002536364	0	0	0	0.005072728	0	0	0	0.002536364	0	0	0	0.002536364	0	0	0	0	0	0	0	0	0	0	0	0	0	0	0	0	0	0	0	0	0	0	0	0	0	0	0	0	
CAC	0	0.002536364	0	0	0	0	0	0	0	0	0	0	0	0	0	0	0.002536364	-0.05072728	0.002536364	0.02536364	0	0.002536364	0	0	0	0.005072728	0	0	0	0.002536364	0	0	0	0.002536364	0	0	0	0	0	0	0	0	0	0	0	0	0	0	0.005072728	0	0	0	0	0	0	0	0	0	0	0	0	
CAG	0	0	0.002536364	0	0	0	0	0	0	0	0	0	0	0	0	0	0.02536364	0.002536364	-0.045654552	0.002536364	0	0	0.002536364	0	0	0	0.005072728	0	0	0	0.002536364	0	0	0	0.002536364	0	0	0	0	0	0	0	0	0	0	0	0	0	0	0	0	0	0	0	0	0	0	0	0	0	0	
CAT	0	0	0	0.002536364	0	0	0	0	0	0	0	0	0	0	0	0	0.002536364	0.02536364	0.002536364	-0.05072728	0	0	0	0.002536364	0	0	0	0.005072728	0	0	0	0.002536364	0	0	0	0.002536364	0	0	0	0	0	0	0	0	0	0	0	0	0	0.005072728	0	0	0	0	0	0	0	0	0	0	0	
CCA	0	0	0	0	0.002536364	0	0	0	0	0	0	0	0	0	0	0	0.002536364	0	0	0	-0.071018192	0.01268182	0.02536364	0.01268182	0.002536364	0	0	0	0.005072728	0	0	0	0	0	0	0	0.002536364	0	0	0	0	0	0	0	0	0	0	0	0	0	0.005072728	0	0	0	0	0	0	0	0	0	0	
CCC	0	0	0	0	0	0.002536364	0	0	0	0	0	0	0	0	0	0	0	0.002536364	0	0	0.01268182	-0.071018192	0.01268182	0.02536364	0	0.002536364	0	0	0	0.005072728	0	0	0	0	0	0	0	0.002536364	0	0	0	0	0	0	0	0	0	0	0	0	0	0.005072728	0	0	0	0	0	0	0	0	0	
CCG	0	0	0	0	0	0	0.002536364	0	0	0	0	0	0	0	0	0	0	0	0.002536364	0	0.02536364	0.01268182	-0.071018192	0.01268182	0	0	0.002536364	0	0	0	0.005072728	0	0	0	0	0	0	0	0.002536364	0	0	0	0	0	0	0	0	0	0	0	0	0	0.005072728	0	0	0	0	0	0	0	0	
CCT	0	0	0	0	0	0	0	0.002536364	0	0	0	0	0	0	0	0	0	0	0	0.002536364	0.01268182	0.02536364	0.01268182	-0.071018192	0	0	0	0.002536364	0	0	0	0.005072728	0	0	0	0	0	0	0	0.002536364	0	0	0	0	0	0	0	0	0	0	0	0	0	0.005072728	0	0	0	0	0	0	0	
CGA	0	0	0	0	0	0	0	0	0.01268182	0	0	0	0	0	0	0	0.005072728	0	0	0	0.002536364	0	0	0	-0.07609092	0.01268182	0.02536364	0.01268182	0.002536364	0	0	0	0	0	0	0	0	0	0	0	0.002536364	0	0	0	0	0	0	0	0	0	0	0	0	0	0	0	0	0	0	0	0	
CGC	0	0	0	0	0	0	0	0	0	0.002536364	0	0	0	0	0	0	0	0.005072728	0	0	0	0.002536364	0	0	0.01268182	-0.071018192	0.01268182	0.02536364	0	0.002536364	0	0	0	0	0	0	0	0	0	0	0	0.002536364	0	0	0	0	0	0	0	0	0	0	0	0	0.005072728	0	0	0	0	0	0	
CGG	0	0	0	0	0	0	0	0	0	0	0.01268182	0	0	0	0	0	0	0	0.005072728	0	0	0	0.002536364	0	0.02536364	0.01268182	-0.081163648	0.01268182	0	0	0.002536364	0	0	0	0	0	0	0	0	0	0	0	0.002536364	0	0	0	0	0	0	0	0	0	0	0	0	0.005072728	0	0	0	0	0	
CGT	0	0	0	0	0	0	0	0	0	0	0	0.002536364	0	0	0	0	0	0	0	0.005072728	0	0	0	0.002536364	0.01268182	0.02536364	0.01268182	-0.071018192	0	0	0	0.002536364	0	0	0	0	0	0	0	0	0	0	0	0.002536364	0	0	0	0	0	0	0	0	0	0	0	0	0.005072728	0	0	0	0	
CTA	0	0	0	0	0	0	0	0	0	0	0	0	0.002536364	0	0	0	0.002536364	0	0	0	0.005072728	0	0	0	0.002536364	0	0	0	-0.091309104	0.01268182	0.02536364	0.01268182	0	0	0	0	0	0	0	0	0	0	0	0	0.002536364	0	0	0	0	0	0	0	0	0	0	0	0	0.02536364	0	0	0	
CTC	0	0	0	0	0	0	0	0	0	0	0	0	0	0.002536364	0	0	0	0.002536364	0	0	0	0.005072728	0	0	0	0.002536364	0	0	0.01268182	-0.071018192	0.01268182	0.02536364	0	0	0	0	0	0	0	0	0	0	0	0	0	0.002536364	0	0	0	0	0	0	0	0	0	0	0	0	0.005072728	0	0	
CTG	0	0	0	0	0	0	0	0	0	0	0	0	0	0	0.002536364	0	0	0	0.002536364	0	0	0	0.005072728	0	0	0	0.002536364	0	0.02536364	0.01268182	-0.091309104	0.01268182	0	0	0	0	0	0	0	0	0	0	0	0	0	0	0.002536364	0	0	0	0	0	0	0	0	0	0	0	0	0.02536364	0	
CTT	0	0	0	0	0	0	0	0	0	0	0	0	0	0	0	0.002536364	0	0	0	0.002536364	0	0	0	0.005072728	0	0	0	0.002536364	0.01268182	0.02536364	0.01268182	-0.071018192	0	0	0	0	0	0	0	0	0	0	0	0	0	0	0	0.002536364	0	0	0	0	0	0	0	0	0	0	0	0	0.005072728	
GAA	0.005072728	0	0	0	0	0	0	0	0	0	0	0	0	0	0	0	0.002536364	0	0	0	0	0	0	0	0	0	0	0	0	0	0	0	-0.048190916	0.002536364	0.02536364	0.002536364	0.002536364	0	0	0	0.005072728	0	0	0	0.002536364	0	0	0	0	0	0	0	0	0	0	0	0	0	0	0	0	
GAC	0	0.005072728	0	0	0	0	0	0	0	0	0	0	0	0	0	0	0	0.002536364	0	0	0	0	0	0	0	0	0	0	0	0	0	0	0.002536364	-0.05072728	0.002536364	0.02536364	0	0.002536364	0	0	0	0.005072728	0	0	0	0.002536364	0	0	0.002536364	0	0	0	0	0	0	0	0	0	0	0	0	
GAG	0	0	0.005072728	0	0	0	0	0	0	0	0	0	0	0	0	0	0	0	0.002536364	0	0	0	0	0	0	0	0	0	0	0	0	0	0.02536364	0.002536364	-0.048190916	0.002536364	0	0	0.002536364	0	0	0	0.005072728	0	0	0	0.002536364	0	0	0	0	0	0	0	0	0	0	0	0	0	0	
GAT	0	0	0	0.005072728	0	0	0	0	0	0	0	0	0	0	0	0	0	0	0	0.002536364	0	0	0	0	0	0	0	0	0	0	0	0	0.002536364	0.02536364	0.002536364	-0.05072728	0	0	0	0.002536364	0	0	0	0.005072728	0	0	0	0.002536364	0	0.002536364	0	0	0	0	0	0	0	0	0	0	0	
GCA	0	0	0	0	0.005072728	0	0	0	0	0	0	0	0	0	0	0	0	0	0	0	0.002536364	0	0	0	0	0	0	0	0	0	0	0	0.002536364	0	0	0	-0.071018192	0.01268182	0.02536364	0.01268182	0.002536364	0	0	0	0.005072728	0	0	0	0	0	0.002536364	0	0	0	0	0	0	0	0	0	0	
GCC	0	0	0	0	0	0.005072728	0	0	0	0	0	0	0	0	0	0	0	0	0	0	0	0.002536364	0	0	0	0	0	0	0	0	0	0	0	0.002536364	0	0	0.01268182	-0.071018192	0.01268182	0.02536364	0	0.002536364	0	0	0	0.005072728	0	0	0	0	0	0.002536364	0	0	0	0	0	0	0	0	0	
GCG	0	0	0	0	0	0	0.005072728	0	0	0	0	0	0	0	0	0	0	0	0	0	0	0	0.002536364	0	0	0	0	0	0	0	0	0	0	0	0.002536364	0	0.02536364	0.01268182	-0.071018192	0.01268182	0	0	0.002536364	0	0	0	0.005072728	0	0	0	0	0	0.002536364	0	0	0	0	0	0	0	0	
GCT	0	0	0	0	0	0	0	0.005072728	0	0	0	0	0	0	0	0	0	0	0	0	0	0	0	0.002536364	0	0	0	0	0	0	0	0	0	0	0	0.002536364	0.01268182	0.02536364	0.01268182	-0.071018192	0	0	0	0.002536364	0	0	0	0.005072728	0	0	0	0	0	0.002536364	0	0	0	0	0	0	0	
GGA	0	0	0	0	0	0	0	0	0.005072728	0	0	0	0	0	0	0	0	0	0	0	0	0	0	0	0.002536364	0	0	0	0	0	0	0	0.005072728	0	0	0	0.002536364	0	0	0	-0.068481828	0.01268182	0.02536364	0.01268182	0.002536364	0	0	0	0	0	0	0	0	0	0	0	0	0	0	0	0	
GGC	0	0	0	0	0	0	0	0	0	0.005072728	0	0	0	0	0	0	0	0	0	0	0	0	0	0	0	0.002536364	0	0	0	0	0	0	0	0.005072728	0	0	0	0.002536364	0	0	0.01268182	-0.071018192	0.01268182	0.02536364	0	0.002536364	0	0	0	0	0	0	0	0	0.002536364	0	0	0	0	0	0	
GGG	0	0	0	0	0	0	0	0	0	0	0.005072728	0	0	0	0	0	0	0	0	0	0	0	0	0	0	0	0.002536364	0	0	0	0	0	0	0	0.005072728	0	0	0	0.002536364	0	0.02536364	0.01268182	-0.071018192	0.01268182	0	0	0.002536364	0	0	0	0	0	0	0	0	0.002536364	0	0	0	0	0	
GGT	0	0	0	0	0	0	0	0	0	0	0	0.005072728	0	0	0	0	0	0	0	0	0	0	0	0	0	0	0	0.002536364	0	0	0	0	0	0	0	0.005072728	0	0	0	0.002536364	0.01268182	0.02536364	0.01268182	-0.071018192	0	0	0	0.002536364	0	0	0	0	0	0	0	0	0.002536364	0	0	0	0	
GTA	0	0	0	0	0	0	0	0	0	0	0	0	0.005072728	0	0	0	0	0	0	0	0	0	0	0	0	0	0	0	0.002536364	0	0	0	0.002536364	0	0	0	0.005072728	0	0	0	0.002536364	0	0	0	-0.071018192	0.01268182	0.02536364	0.01268182	0	0	0	0	0	0	0	0	0	0.002536364	0	0	0	
GTC	0	0	0	0	0	0	0	0	0	0	0	0	0	0.005072728	0	0	0	0	0	0	0	0	0	0	0	0	0	0	0	0.002536364	0	0	0	0.002536364	0	0	0	0.005072728	0	0	0	0.002536364	0	0	0.01268182	-0.071018192	0.01268182	0.02536364	0	0	0	0	0	0	0	0	0	0	0.002536364	0	0	
GTG	0	0	0	0	0	0	0	0	0	0	0	0	0	0	0.005072728	0	0	0	0	0	0	0	0	0	0	0	0	0	0	0	0.002536364	0	0	0	0.002536364	0	0	0	0.005072728	0	0	0	0.002536364	0	0.02536364	0.01268182	-0.071018192	0.01268182	0	0	0	0	0	0	0	0	0	0	0	0.002536364	0	
GTT	0	0	0	0	0	0	0	0	0	0	0	0	0	0	0	0.005072728	0	0	0	0	0	0	0	0	0	0	0	0	0	0	0	0.002536364	0	0	0	0.002536364	0	0	0	0.005072728	0	0	0	0.002536364	0.01268182	0.02536364	0.01268182	-0.071018192	0	0	0	0	0	0	0	0	0	0	0	0	0.002536364	
TAC	0	0.002536364	0	0	0	0	0	0	0	0	0	0	0	0	0	0	0	0.005072728	0	0	0	0	0	0	0	0	0	0	0	0	0	0	0	0.002536364	0	0	0	0	0	0	0	0	0	0	0	0	0	0	-0.045654552	0.02536364	0	0.002536364	0	0	0.005072728	0	0	0	0.002536364	0	0	
TAT	0	0	0	0.002536364	0	0	0	0	0	0	0	0	0	0	0	0	0	0	0	0.005072728	0	0	0	0	0	0	0	0	0	0	0	0	0	0	0	0.002536364	0	0	0	0	0	0	0	0	0	0	0	0	0.02536364	-0.045654552	0	0	0	0.002536364	0	0	0.005072728	0	0	0	0.002536364	
TCA	0	0	0	0	0.002536364	0	0	0	0	0	0	0	0	0	0	0	0	0	0	0	0.005072728	0	0	0	0	0	0	0	0	0	0	0	0	0	0	0	0.002536364	0	0	0	0	0	0	0	0	0	0	0	0	0	-0.065945464	0.01268182	0.02536364	0.01268182	0	0	0	0.005072728	0	0	0	
TCC	0	0	0	0	0	0.002536364	0	0	0	0	0	0	0	0	0	0	0	0	0	0	0	0.005072728	0	0	0	0	0	0	0	0	0	0	0	0	0	0	0	0.002536364	0	0	0	0	0	0	0	0	0	0	0.002536364	0	0.01268182	-0.071018192	0.01268182	0.02536364	0.002536364	0	0	0	0.005072728	0	0	
TCG	0	0	0	0	0	0	0.002536364	0	0	0	0	0	0	0	0	0	0	0	0	0	0	0	0.005072728	0	0	0	0	0	0	0	0	0	0	0	0	0	0	0	0.002536364	0	0	0	0	0	0	0	0	0	0	0	0.02536364	0.01268182	-0.068481828	0.01268182	0	0.002536364	0	0	0	0.005072728	0	
TCT	0	0	0	0	0	0	0	0.002536364	0	0	0	0	0	0	0	0	0	0	0	0	0	0	0	0.005072728	0	0	0	0	0	0	0	0	0	0	0	0	0	0	0	0.002536364	0	0	0	0	0	0	0	0	0	0.002536364	0.01268182	0.02536364	0.01268182	-0.071018192	0	0	0.002536364	0	0	0	0.005072728	
TGC	0	0	0	0	0	0	0	0	0	0.002536364	0	0	0	0	0	0	0	0	0	0	0	0	0	0	0	0.005072728	0	0	0	0	0	0	0	0	0	0	0	0	0	0	0	0.002536364	0	0	0	0	0	0	0.005072728	0	0	0.002536364	0	0	-0.048190916	0.002536364	0.02536364	0	0.002536364	0	0	
TGG	0	0	0	0	0	0	0	0	0	0	0.002536364	0	0	0	0	0	0	0	0	0	0	0	0	0	0	0	0.005072728	0	0	0	0	0	0	0	0	0	0	0	0	0	0	0	0.002536364	0	0	0	0	0	0	0	0	0	0.002536364	0	0.002536364	-0.020290912	0.002536364	0	0	0.002536364	0	
TGT	0	0	0	0	0	0	0	0	0	0	0	0.002536364	0	0	0	0	0	0	0	0	0	0	0	0	0	0	0	0.005072728	0	0	0	0	0	0	0	0	0	0	0	0	0	0	0	0.002536364	0	0	0	0	0	0.005072728	0	0	0	0.002536364	0.02536364	0.002536364	-0.048190916	0	0	0	0.002536364	
TTA	0	0	0	0	0	0	0	0	0	0	0	0	0.002536364	0	0	0	0	0	0	0	0	0	0	0	0	0	0	0	0.02536364	0	0	0	0	0	0	0	0	0	0	0	0	0	0	0	0.002536364	0	0	0	0	0	0.005072728	0	0	0	0	0	0	-0.065945464	0.002536364	0.02536364	0.002536364	
TTC	0	0	0	0	0	0	0	0	0	0	0	0	0	0.002536364	0	0	0	0	0	0	0	0	0	0	0	0	0	0	0	0.005072728	0	0	0	0	0	0	0	0	0	0	0	0	0	0	0	0.002536364	0	0	0.002536364	0	0	0.005072728	0	0	0.002536364	0	0	0.002536364	-0.05072728	0.002536364	0.02536364	
TTG	0	0	0	0	0	0	0	0	0	0	0	0	0	0	0.002536364	0	0	0	0	0	0	0	0	0	0	0	0	0	0	0	0.02536364	0	0	0	0	0	0	0	0	0	0	0	0	0	0	0	0.002536364	0	0	0	0	0	0.005072728	0	0	0.002536364	0	0.02536364	0.002536364	-0.068481828	0.002536364	
TTT	0	0	0	0	0	0	0	0	0	0	0	0	0	0	0	0.002536364	0	0	0	0	0	0	0	0	0	0	0	0	0	0	0	0.005072728	0	0	0	0	0	0	0	0	0	0	0	0	0	0	0	0.002536364	0	0.002536364	0	0	0	0.005072728	0	0	0.002536364	0.002536364	0.02536364	0.002536364	-0.05072728	
