Substitution length type 0
0.02481867806048126
0.01373957783694649
0.00676608538332913
0.0033750867898376755
0.001220489233889165
0.0012093486223386319
0.0017751230309540897
0.0022189210838862413
0.002344618566456137
0.012098986731181321
Substitution length type 1
0.02811609436053236
0.015465502847160464
0.007279133406383915
0.003700058365456687
0.0013101938861897649
0.0012357508372129221
0.0019976229549578074
0.0025922981565256065
0.0027688551975639394
0.014047936281223878
Substitution length type 2
0.01873562682328955
0.010514602124661704
0.0049735756479757556
0.0023950921815088723
8.189288801652529E-4
8.228637945781384E-4
0.0012912988899726513
0.001760430118104305
0.0018895269573817085
0.009681557082252322
Substitution length type 3
0.02176542207275365
0.011945711211326133
0.0057901707021365345
0.0026513556966720315
9.58810686680887E-4
9.643226466349628E-4
0.0014593318502558142
0.0018398456093617886
0.0021383579997447237
0.01103742910815368
Substitution length type 4
0.10578723680318829
0.058413765201857946
0.028957910825898648
0.013703646083215138
0.0045070906149035994
0.004319332945833054
0.007189562155577204
0.00915001482981228
0.00976115181103714
0.052567164199318644
Substitution length type 5
0.08156531289276849
0.04311272926421233
0.021299062861298554
0.010163563722106748
0.003607189210625858
0.0035065526856380867
0.005761004652715907
0.007230284353239161
0.00795663380428531
0.04109718652371365
Substitution length type 6
0.04119477109008329
0.022182199303991477
0.010010507852783465
0.004818287831966243
0.0016038034290334537
0.0014650507106844166
0.002873242695765935
0.0036870117975065964
0.0048659007190570555
0.028860153626104876
Substitution length type 7
0.04480215609621703
0.024171112268357487
0.010762100728742499
0.004972173171315882
0.0019317667735738008
0.001890363601653451
0.0028955797081663855
0.004309693238145121
0.005629036784054951
0.031207326014596182
Substitution length type 8
0.17104873024064216
0.11406017686992645
0.0626412845842964
0.03479987814884944
0.013482601744960748
0.013745396087558875
0.019466030818177864
0.02298618547863431
0.024960214496683383
0.1255709013260567
