Thepa	Theca	Carpa	Arath
3	1	2	2
1	1	1	1
1	1	1	1
0	1	2	1
3	2	1	3
1	1	1	2
1	1	1	1
1	1	1	1
1	1	1	1
1	2	2	1
2	2	2	2
2	2	1	3
1	2	1	1
1	1	0	1
2	2	1	1
0	9	2	0
1	1	0	1
1	1	2	1
1	1	1	1
1	1	1	1
1	1	0	1
2	2	1	2
1	2	1	1
1	1	0	1
1	2	1	1
2	3	3	2
1	1	1	1
1	1	2	1
1	1	1	1
2	2	2	2
1	1	1	1
0	1	0	1
1	1	1	1
1	1	1	1
2	1	3	1
1	2	0	1
1	1	1	1
1	2	1	1
1	1	1	1
1	1	1	1
1	1	1	2
1	1	1	1
1	1	1	1
1	1	1	1
1	1	1	1
1	1	1	1
1	1	1	1
1	1	1	1
1	1	0	0
1	2	1	1
2	2	2	2
1	2	1	2
1	1	1	1
4	2	0	3
2	1	1	2
1	1	1	1
1	1	1	1
0	1	1	1
0	2	1	0
1	1	1	1
0	1	2	2
0	1	1	1
2	1	1	2
1	2	1	1
0	1	1	0
1	2	0	1
1	1	1	2
2	1	1	2
0	1	1	0
5	2	2	5
1	1	0	1
0	1	1	0
1	1	1	1
1	1	1	1
1	1	0	1
1	1	1	2
1	1	1	1
2	1	1	3
1	1	0	1
4	2	2	5
1	1	1	1
1	1	3	1
2	1	1	2
1	1	1	1
2	1	2	1
1	1	1	1
2	2	2	2
0	1	1	0
1	1	1	1
1	1	1	1
0	1	1	0
2	2	1	2
2	1	2	1
1	1	1	1
0	1	1	0
2	1	1	2
1	1	2	1
1	1	1	1
0	1	1	0
1	3	1	1
1	1	1	1
1	1	0	1
1	1	1	1
1	1	1	1
1	1	1	4
2	2	1	2
0	1	1	0
3	3	1	1
1	1	1	1
1	1	1	1
1	1	1	1
2	1	1	2
1	1	0	1
1	1	1	1
1	1	1	1
1	1	1	1
2	2	1	2
0	1	1	0
1	1	1	1
1	1	1	1
1	1	1	1
2	2	2	2
1	3	1	1
2	2	1	2
13	13	11	15
1	1	1	1
2	1	1	1
1	1	1	1
1	1	1	1
2	2	2	2
2	2	1	3
1	1	1	1
2	1	1	2
1	1	1	1
1	1	1	1
2	3	3	2
0	1	1	0
1	1	1	1
1	1	1	1
1	2	1	1
1	1	1	1
1	1	1	1
1	1	1	1
1	1	0	1
1	1	1	1
15	18	14	17
1	1	1	1
3	2	2	3
1	1	1	1
1	1	1	1
1	1	1	1
1	1	1	1
0	1	1	0
1	1	1	1
1	1	2	1
1	1	1	1
1	1	1	1
1	1	0	1
1	1	1	1
1	1	0	1
1	1	2	1
1	1	1	1
1	1	1	1
2	2	1	2
1	2	1	1
7	6	6	7
1	1	0	0
1	2	3	5
0	1	1	0
1	1	1	1
0	1	1	0
1	2	1	2
4	2	0	4
2	2	2	2
1	1	1	1
1	1	1	1
1	1	1	2
1	2	2	1
5	4	3	5
3	2	1	3
1	1	2	1
1	1	1	1
1	1	0	1
1	2	1	1
1	1	1	1
1	1	1	2
1	1	1	1
1	1	1	1
1	1	1	1
1	1	1	1
1	1	0	0
2	1	1	2
2	1	1	2
2	2	2	2
1	1	1	1
1	1	1	1
0	1	1	0
1	1	1	1
1	1	1	1
1	1	1	0
1	1	1	1
1	1	1	1
1	1	0	1
1	1	1	1
1	1	1	1
2	2	2	3
2	2	7	2
0	1	1	0
1	2	2	1
1	1	1	1
1	1	1	1
2	1	1	1
3	2	3	3
1	1	1	1
0	2	2	0
1	1	1	1
0	3	1	0
3	2	2	3
4	4	1	4
1	1	1	1
3	6	3	3
1	1	1	1
1	1	1	1
1	2	2	1
0	1	2	0
1	1	1	1
2	1	1	2
2	1	1	2
1	1	1	1
1	1	1	1
1	1	2	1
1	1	1	2
2	1	1	2
0	1	1	1
1	1	1	1
0	2	1	0
1	2	2	1
1	1	0	1
1	1	1	1
1	1	1	1
1	1	1	1
1	1	1	1
2	1	1	2
1	1	1	1
2	2	2	2
1	2	2	2
2	1	1	3
1	1	0	1
2	1	1	2
1	2	2	1
1	1	1	1
1	2	1	1
1	1	0	1
4	1	1	2
2	1	1	2
2	1	1	2
1	1	2	1
0	1	4	0
1	1	1	1
5	3	3	5
1	1	1	1
2	1	1	2
2	1	1	2
1	1	1	1
1	1	1	2
1	1	1	1
2	1	0	1
1	1	1	2
2	1	1	1
1	3	2	3
2	2	2	2
1	1	1	1
1	1	1	1
1	1	1	1
1	2	1	1
1	4	3	1
2	2	2	2
2	2	2	2
0	1	1	0
2	1	1	2
3	1	1	2
0	1	2	0
1	1	1	1
0	1	1	0
2	2	0	2
1	1	1	2
1	1	1	1
2	2	1	3
3	2	2	3
1	1	1	1
2	1	1	1
1	7	0	6
1	1	1	1
2	1	1	2
1	1	1	1
2	1	2	2
1	2	1	2
1	2	1	1
1	1	1	1
2	2	2	2
1	2	1	1
1	1	1	1
3	2	2	3
1	1	1	1
1	1	1	1
2	1	0	2
1	1	1	1
1	1	1	1
0	1	1	0
2	1	1	2
1	1	1	1
1	1	1	1
1	1	1	1
1	1	1	1
1	1	0	1
0	1	1	0
1	1	1	2
1	1	1	1
1	1	1	1
1	2	1	2
0	1	1	0
1	2	0	1
1	1	1	1
1	1	1	1
2	1	3	2
1	1	1	1
1	1	1	1
1	1	1	1
1	1	1	1
2	1	1	2
1	1	2	3
1	1	1	1
1	1	1	1
0	1	1	0
1	1	1	1
2	2	1	2
1	1	1	1
4	2	2	4
3	2	1	3
1	1	1	1
1	1	1	1
1	1	1	1
1	2	3	1
1	1	1	1
1	1	1	1
1	1	1	1
2	1	1	2
2	2	2	2
1	1	1	1
1	2	1	1
3	2	2	3
2	4	5	3
1	1	1	1
0	1	1	0
1	1	2	1
1	1	1	1
0	1	1	0
2	1	1	1
1	1	1	1
0	1	1	0
1	1	1	1
5	2	2	5
2	1	1	1
0	1	0	1
1	1	1	1
1	1	1	1
1	1	0	1
1	1	1	1
1	1	0	1
2	2	2	3
1	2	1	1
0	1	1	0
1	1	1	1
2	1	0	2
1	1	0	1
1	1	1	1
1	2	2	1
1	1	0	1
1	1	1	1
1	3	1	1
2	2	2	2
1	1	1	1
1	1	1	0
1	2	1	1
2	1	2	2
1	1	2	2
2	2	2	2
1	1	0	1
1	1	1	1
0	1	1	0
1	1	0	1
1	1	1	1
1	3	1	1
1	1	1	1
3	2	2	1
1	1	1	1
1	1	1	1
1	1	1	1
1	1	1	1
1	1	0	1
2	1	0	2
1	1	1	1
3	4	2	3
0	1	1	0
6	4	4	4
1	1	1	1
0	1	1	0
1	1	1	1
1	1	1	1
1	1	1	1
1	1	1	1
1	1	1	1
1	1	1	1
1	4	2	1
1	1	1	1
0	1	1	0
2	2	1	2
2	1	1	1
1	1	2	1
2	1	1	1
1	1	1	1
3	2	1	3
1	1	1	1
1	2	1	1
1	1	1	1
1	1	1	1
0	1	2	0
7	1	1	0
2	1	1	1
2	1	2	2
4	2	2	4
1	1	1	1
4	2	3	5
2	1	1	2
1	1	2	1
1	2	2	1
1	1	1	1
1	2	2	1
1	1	1	1
4	2	2	9
1	1	1	1
3	2	1	3
0	1	1	0
9	8	6	9
1	2	2	1
1	1	1	1
1	1	1	2
1	1	0	1
1	2	1	1
1	1	1	1
1	3	1	1
1	1	1	1
3	1	1	2
1	1	1	1
0	1	1	0
1	1	0	1
1	1	1	1
2	1	1	2
22	57	13	26
2	1	1	2
1	1	1	1
1	1	0	1
1	2	1	1
1	1	1	1
1	1	1	1
1	1	1	1
1	1	1	1
1	1	0	1
1	1	1	1
1	1	1	1
1	1	1	1
1	1	1	1
1	1	1	1
2	1	0	2
1	1	1	1
1	2	1	2
2	2	2	3
1	1	0	1
1	1	1	1
1	1	1	1
2	1	0	2
1	1	1	1
3	2	1	3
1	1	2	1
0	1	1	0
2	1	1	2
0	1	1	0
2	1	0	1
1	1	0	1
1	1	1	1
1	1	1	1
1	1	1	2
1	1	1	1
0	1	1	0
5	2	2	7
1	1	1	1
1	1	1	1
1	1	1	1
1	1	1	1
1	1	1	1
1	1	0	1
1	1	1	1
1	1	1	1
1	1	1	1
2	1	1	2
1	1	1	1
1	1	1	1
1	1	1	1
0	4	1	0
4	2	2	6
1	1	1	1
1	2	0	1
2	1	1	2
0	5	0	10
1	1	1	1
2	1	1	2
0	1	1	0
2	1	1	1
1	1	1	1
1	1	1	1
2	1	0	2
1	1	0	1
1	1	0	1
4	1	1	2
1	1	1	1
2	1	0	2
1	1	1	1
1	1	1	1
0	1	1	0
0	1	1	0
1	1	0	1
1	2	1	1
3	2	2	9
0	1	1	0
1	1	1	2
1	2	1	1
1	1	1	1
1	1	1	1
3	2	1	3
1	1	1	1
2	2	1	2
1	1	1	1
1	1	0	1
1	1	1	1
0	2	2	1
2	2	2	2
1	1	0	1
1	1	1	1
1	1	1	1
1	1	1	1
1	2	1	1
3	2	2	3
1	1	1	1
1	1	1	1
2	1	1	1
2	1	1	2
1	2	1	1
2	1	1	2
0	1	1	0
2	6	4	2
4	1	2	4
1	1	1	1
1	1	1	1
0	1	1	0
3	1	1	3
3	1	0	4
2	2	1	2
1	1	1	1
2	1	1	2
2	1	1	1
1	1	1	1
1	2	1	1
2	2	2	2
2	2	1	2
1	1	1	1
1	1	0	1
1	1	0	1
2	2	1	2
1	1	1	1
1	1	1	1
0	1	2	1
0	1	1	0
1	1	1	1
1	1	1	1
1	1	1	1
1	1	1	1
1	1	1	2
1	1	1	1
2	1	1	1
3	1	2	3
1	1	0	1
1	1	1	1
1	1	1	1
1	1	1	1
0	1	1	0
1	1	1	1
0	1	1	0
1	1	1	1
0	1	1	0
0	1	1	1
2	1	1	1
1	1	1	1
2	2	2	2
1	1	1	1
1	1	1	1
1	1	1	1
2	1	1	2
2	1	1	2
1	1	1	1
1	1	1	1
1	1	0	1
1	1	1	1
1	1	1	1
2	2	2	2
1	1	1	1
1	3	2	1
1	1	1	1
2	1	1	2
1	1	1	1
0	1	0	1
0	1	1	1
2	1	0	2
6	3	4	4
2	1	1	2
1	1	1	1
1	1	1	2
1	1	1	1
2	1	1	2
2	2	2	2
1	1	1	1
1	1	1	1
1	1	1	1
2	1	1	2
1	1	1	1
1	1	1	1
6	3	3	7
0	1	1	0
2	2	1	2
1	1	1	1
2	2	2	4
0	1	1	0
2	2	1	2
0	1	0	1
0	1	1	1
0	1	1	0
1	2	3	1
2	1	1	2
3	2	2	3
2	1	0	2
1	1	1	1
1	1	1	1
3	2	2	4
1	1	1	1
1	1	1	1
1	1	1	1
1	1	1	1
1	2	2	1
1	1	1	1
0	1	1	1
3	5	4	3
1	1	1	1
2	1	1	1
2	2	0	2
1	1	1	1
1	1	1	1
2	2	2	2
1	1	1	1
1	1	1	1
1	1	1	1
1	1	1	1
1	1	1	1
2	1	1	3
1	1	1	1
1	3	0	1
0	1	1	0
0	1	1	1
1	1	1	1
1	1	1	1
1	1	1	1
6	1	3	4
1	1	1	1
2	1	2	2
1	1	1	1
1	1	0	1
0	4	1	0
0	1	1	0
2	1	1	2
1	1	1	1
2	1	0	1
3	4	2	4
1	1	1	1
0	1	1	0
1	1	0	0
1	1	1	1
1	1	1	2
1	1	2	1
0	1	1	0
1	1	1	1
1	1	1	0
3	2	1	2
1	1	1	1
1	1	1	1
1	1	2	1
2	1	1	2
1	1	1	1
1	1	1	1
1	1	2	1
1	2	1	1
1	3	3	1
0	1	1	0
1	1	1	1
0	1	1	0
1	1	1	1
1	1	1	1
1	1	0	1
2	2	1	2
1	2	1	1
1	1	0	1
1	1	1	1
1	2	1	1
1	1	1	1
1	1	1	1
1	1	0	2
1	1	1	1
2	1	1	2
1	2	1	1
1	2	2	2
1	1	1	1
1	1	1	1
2	2	2	2
1	1	1	1
1	1	0	1
0	1	1	0
1	1	1	1
1	1	1	1
1	1	1	0
3	2	3	3
1	1	1	1
2	1	1	2
0	1	1	0
1	1	1	1
1	1	1	1
1	1	1	1
1	1	1	1
1	3	2	1
1	1	1	2
2	1	1	2
1	1	1	1
1	1	1	1
1	1	0	1
0	1	1	0
1	1	0	1
2	1	2	1
1	1	1	1
1	2	1	2
0	1	1	0
1	1	1	1
5	3	2	5
0	1	1	0
2	2	2	2
1	1	1	2
0	1	2	0
1	1	0	1
1	1	1	2
0	2	1	0
1	1	1	1
3	6	4	4
1	2	2	1
1	1	1	2
0	5	1	1
2	2	0	2
1	1	1	1
1	1	1	1
1	1	1	1
1	1	1	1
0	1	0	1
1	1	1	1
1	1	1	1
4	3	2	4
1	1	1	1
0	1	1	0
1	1	1	1
1	1	1	1
1	1	1	2
1	1	1	1
1	1	1	1
2	1	1	2
1	1	1	1
2	1	1	2
1	1	1	1
1	1	1	2
2	1	0	1
2	1	1	3
2	1	1	2
1	1	1	1
0	12	1	0
1	1	1	1
0	1	1	0
1	1	1	1
5	5	3	5
2	2	2	1
1	2	1	1
2	1	1	2
1	1	1	1
1	1	0	1
1	1	1	1
2	1	1	1
0	1	1	0
1	1	1	1
1	1	1	1
1	1	1	1
1	1	0	1
1	1	1	1
1	1	2	1
0	1	4	0
1	1	1	1
1	1	2	2
1	1	1	1
3	2	2	3
1	1	0	1
2	1	1	2
0	8	2	0
1	1	0	1
1	1	1	1
1	1	1	1
1	1	1	1
2	2	2	2
2	2	2	2
1	1	1	1
2	2	1	2
1	1	1	1
1	1	1	1
1	1	1	1
2	2	2	2
1	1	1	1
2	1	1	1
2	1	1	1
1	1	2	1
1	1	1	1
4	3	3	4
1	1	1	1
2	1	1	1
2	1	1	2
2	1	1	1
1	1	1	1
3	3	2	3
3	1	2	3
2	1	1	1
1	2	1	1
2	1	2	2
1	1	0	1
0	1	1	0
1	1	1	1
11	8	6	11
1	1	1	1
0	1	1	0
2	1	1	1
5	5	3	3
2	2	2	2
2	1	1	1
1	1	1	1
1	1	1	1
1	2	1	1
1	1	0	1
1	2	1	1
1	1	2	1
2	3	1	2
1	1	1	1
1	1	1	1
0	1	0	3
1	1	1	1
2	2	2	2
3	1	1	3
1	1	1	1
1	5	1	6
0	1	1	0
1	2	1	1
2	1	1	2
1	1	1	1
4	14	7	7
2	1	1	2
2	1	1	2
1	1	1	1
1	1	1	1
0	1	1	0
0	1	0	2
3	2	1	2
1	3	4	2
1	1	1	1
0	1	1	0
2	2	2	1
2	1	1	1
1	1	2	1
1	1	1	1
1	1	1	1
1	1	1	1
1	1	0	22
1	2	2	1
1	1	2	1
1	2	1	1
4	3	3	4
2	1	2	2
1	1	1	1
2	1	1	1
1	1	0	1
3	2	1	3
0	1	1	0
0	1	1	0
1	1	1	1
1	2	1	1
2	1	0	2
1	1	1	1
0	1	1	1
2	1	1	2
1	1	0	1
1	1	1	1
2	1	1	1
7	3	2	7
1	1	1	1
2	1	1	2
1	1	1	1
1	2	2	2
2	1	1	1
1	1	1	1
1	1	1	1
1	1	0	1
2	1	1	2
1	1	1	1
1	1	1	1
1	1	1	1
1	1	1	1
0	1	1	0
0	1	0	1
1	1	1	2
1	1	1	1
1	1	1	1
8	7	5	7
1	1	1	1
1	1	0	1
1	1	0	1
2	1	0	2
1	1	1	1
1	1	1	1
1	1	1	1
1	1	1	1
1	1	1	1
1	1	0	1
2	1	1	2
1	1	1	1
1	1	1	1
1	2	2	1
1	1	1	1
1	1	1	1
1	1	1	1
1	1	1	1
0	1	1	0
1	1	1	1
1	1	1	1
1	1	1	1
2	1	1	2
1	1	1	1
2	1	0	2
3	2	3	3
1	1	1	1
2	3	2	2
1	1	1	1
0	2	1	0
1	1	1	1
1	1	1	1
0	2	1	0
1	1	1	1
1	1	0	1
2	1	0	2
0	1	2	0
1	1	1	1
1	2	1	2
1	1	1	1
2	1	0	2
1	1	1	1
1	1	1	1
0	1	1	0
1	1	1	1
2	1	1	2
1	1	1	1
1	1	1	1
2	1	0	2
2	2	2	2
1	1	2	1
0	1	1	1
1	1	0	1
1	1	1	1
1	1	1	1
1	1	1	1
2	2	2	2
1	1	1	1
1	1	1	1
1	2	3	1
2	1	2	2
1	1	1	1
1	1	1	1
1	1	0	1
1	1	1	1
1	1	1	1
1	1	1	1
3	2	2	3
0	1	1	0
1	1	1	0
2	2	2	2
1	2	1	1
1	1	1	2
1	2	1	1
1	1	1	1
0	1	1	0
1	1	1	1
1	1	1	1
1	1	1	1
1	1	1	1
1	1	1	1
1	1	1	3
2	2	1	2
2	1	1	2
2	2	2	2
1	1	0	3
1	1	1	1
3	2	1	3
1	1	1	1
1	1	0	2
1	1	1	1
1	1	1	1
1	1	1	1
2	1	1	1
1	1	1	1
1	1	1	1
1	1	1	1
1	2	1	1
2	2	1	1
1	1	1	1
1	1	1	1
1	1	1	1
1	2	1	1
2	2	2	2
2	3	2	5
0	1	1	1
1	2	2	1
3	2	1	3
1	1	0	1
1	1	0	1
1	1	1	2
1	4	1	1
1	1	2	1
2	1	1	3
1	1	1	1
1	1	1	1
4	1	1	4
1	1	1	1
1	1	1	1
1	4	2	1
1	1	1	1
2	2	2	2
1	1	1	1
1	1	1	1
1	1	1	1
1	1	1	1
1	1	1	1
2	2	2	2
2	1	1	1
2	1	0	1
0	1	2	2
2	1	1	1
1	2	1	1
1	1	1	1
2	4	2	3
3	1	1	3
1	1	1	1
3	3	3	2
1	1	3	1
1	2	2	1
0	1	1	1
2	2	2	3
1	1	1	1
1	1	1	1
1	1	1	1
4	3	2	4
1	1	1	1
1	1	1	1
1	1	3	1
1	1	1	1
1	1	1	1
1	1	1	1
3	2	2	2
2	1	0	2
1	1	1	1
1	1	1	1
2	1	0	3
1	2	1	1
2	3	2	3
1	1	1	1
2	1	1	2
2	1	1	2
1	1	1	1
0	1	1	0
2	2	2	4
3	2	1	3
1	1	2	1
1	1	1	1
3	1	0	1
3	3	2	3
0	1	1	0
1	1	1	1
1	1	1	1
1	1	1	1
1	1	0	1
7	15	10	8
1	1	1	1
1	1	1	1
1	1	1	1
0	1	1	0
1	1	2	1
1	1	0	1
1	1	1	1
1	1	1	1
1	1	1	1
2	1	4	1
0	2	1	1
1	1	1	1
3	1	2	2
1	2	2	1
1	2	1	1
1	1	1	1
1	1	1	1
1	1	1	1
1	1	1	1
1	1	1	1
1	1	1	1
0	1	2	0
1	2	0	1
1	2	1	1
1	1	1	1
1	1	1	1
2	1	1	2
1	1	1	1
1	1	1	1
1	2	1	0
1	1	1	1
1	4	1	1
0	1	1	0
1	1	1	1
1	2	4	1
1	1	0	1
2	1	1	1
2	1	1	2
3	1	0	2
2	1	1	2
0	1	1	1
4	3	3	6
1	1	1	1
1	1	1	1
1	1	1	1
1	2	1	1
1	1	1	1
0	1	1	0
1	1	2	1
1	1	0	1
1	1	1	1
2	2	2	2
1	1	1	1
1	1	1	2
2	1	0	2
1	1	1	1
1	1	2	1
1	1	0	1
1	1	1	1
1	1	2	1
0	1	1	0
1	1	1	1
1	1	1	1
1	1	1	1
1	1	1	1
1	1	1	1
1	1	0	1
1	1	1	1
4	3	2	5
1	1	1	1
1	1	0	1
1	1	1	1
0	1	3	0
1	1	1	1
2	1	1	3
1	1	1	1
2	2	2	2
6	8	4	6
2	2	2	2
1	2	1	1
1	1	1	1
1	1	2	1
1	1	0	1
1	1	1	1
1	1	1	1
1	2	1	2
1	1	1	1
0	1	1	0
3	1	1	3
1	1	1	1
1	1	1	2
2	1	0	2
0	1	1	0
2	1	1	3
5	4	3	6
2	1	1	2
3	2	1	3
1	2	1	1
1	1	0	1
1	1	1	1
4	4	1	7
1	1	1	1
3	1	2	3
0	1	1	0
1	1	1	1
1	2	2	1
1	1	1	1
0	1	1	0
2	1	1	1
1	1	1	1
1	1	1	1
1	2	1	1
3	3	2	3
1	1	0	1
1	1	1	1
2	3	4	1
1	1	1	1
1	1	1	1
2	1	1	2
2	1	1	2
1	1	1	1
1	2	1	2
0	1	1	0
1	1	2	1
0	1	1	0
0	1	2	0
1	1	1	1
2	1	1	3
1	1	1	1
0	2	2	0
1	1	1	1
1	1	1	1
2	2	1	2
1	1	1	1
1	1	1	1
1	1	2	1
2	1	1	2
1	1	1	1
1	1	1	1
0	1	1	0
2	1	1	1
2	2	0	3
1	1	1	1
0	1	1	0
1	1	1	1
1	1	1	1
2	1	1	2
1	1	1	1
0	1	1	0
1	1	1	1
0	1	1	0
1	2	1	1
1	1	1	1
2	1	1	2
6	2	1	3
2	1	1	1
1	2	1	2
1	2	1	1
1	1	1	1
1	1	1	1
2	4	2	2
2	1	1	2
2	1	0	2
1	2	2	3
2	1	1	2
2	1	0	2
1	1	1	1
1	1	1	1
1	1	1	1
1	1	1	1
3	1	0	3
1	2	1	1
2	1	2	2
1	1	1	1
2	1	1	2
1	1	1	1
7	2	2	7
1	1	1	2
1	1	1	1
1	1	1	2
2	1	1	1
1	1	3	1
1	2	2	3
0	1	1	0
1	2	1	1
1	1	1	1
0	3	1	0
1	3	1	1
1	1	1	1
1	1	1	1
2	2	4	3
2	1	1	1
1	1	1	1
3	4	3	3
2	2	2	2
1	1	2	2
1	1	1	1
1	1	1	1
1	1	0	1
2	1	0	2
1	1	1	1
1	1	1	1
3	3	2	3
0	1	1	0
1	1	1	1
2	1	2	2
2	1	1	2
1	1	1	1
1	1	1	1
1	1	1	1
1	1	1	1
1	1	1	1
1	1	1	1
1	1	1	1
1	1	1	1
1	2	1	1
1	2	1	1
1	1	1	1
1	1	0	1
1	1	1	1
1	1	1	1
1	1	1	1
3	2	2	3
3	1	1	1
1	1	2	1
1	1	0	1
2	2	2	2
2	2	1	2
1	1	1	1
1	2	3	1
4	3	1	6
1	1	1	1
1	1	1	1
1	1	1	1
1	1	0	1
0	1	1	0
2	1	1	1
1	2	1	2
1	1	1	1
0	1	1	0
1	1	1	1
0	1	1	0
1	1	1	1
1	1	1	1
1	1	1	1
1	1	1	1
0	1	1	0
0	1	1	0
0	1	1	0
2	2	1	2
2	1	1	1
1	1	1	1
1	1	1	1
1	1	1	1
1	1	0	1
1	1	1	1
1	1	1	1
0	1	1	1
1	1	1	1
0	1	1	0
1	1	0	2
1	1	1	1
0	1	1	0
2	2	1	4
1	1	1	2
1	1	1	1
1	1	1	1
1	1	1	1
1	1	0	1
1	1	1	1
1	1	1	1
1	1	1	1
1	1	0	1
0	1	0	1
1	1	0	1
4	2	2	4
3	1	1	3
1	1	1	1
2	1	1	1
0	1	1	0
0	1	1	0
3	1	1	4
4	3	2	4
1	1	1	1
1	1	1	1
2	2	1	1
1	1	1	1
1	1	1	1
1	1	1	1
1	1	0	2
1	1	0	1
2	1	1	2
2	1	1	2
2	1	1	1
1	1	1	1
1	2	1	1
1	3	1	2
1	1	1	1
1	1	1	1
0	1	1	0
1	1	1	1
4	1	1	3
1	1	1	1
1	1	1	1
1	2	1	1
1	1	1	1
1	1	1	1
1	2	1	1
1	1	1	1
1	1	2	1
2	2	1	2
1	1	1	1
1	1	0	1
0	4	1	0
1	1	2	1
1	1	1	1
1	1	1	1
2	1	1	2
1	1	1	1
1	1	1	1
1	1	1	1
2	1	1	1
2	2	1	2
1	1	0	1
1	1	1	1
1	1	1	1
2	1	1	1
1	1	1	1
1	1	1	1
1	1	1	1
1	1	1	1
1	1	1	1
1	1	1	1
3	2	1	3
1	1	1	1
1	1	1	1
0	1	1	0
1	1	1	1
0	1	1	0
1	1	2	1
1	2	2	1
1	1	1	1
2	2	1	2
1	1	1	1
3	2	1	3
1	1	0	0
1	2	1	1
0	2	2	0
1	2	2	1
3	2	1	3
1	1	1	1
1	1	1	1
1	1	1	1
1	1	1	1
1	1	1	1
1	1	1	1
1	1	1	2
4	2	2	3
1	1	1	1
13	13	9	12
1	1	1	1
1	1	1	1
1	1	1	1
0	1	1	0
2	1	1	2
0	1	1	0
1	1	1	1
1	1	0	1
2	2	1	2
2	2	2	2
1	1	1	1
2	1	2	2
1	1	1	1
2	4	4	2
2	1	1	2
1	1	0	1
1	1	2	1
2	3	2	2
0	9	2	0
1	1	1	1
8	6	4	7
2	1	1	2
0	1	1	0
2	2	2	2
1	1	1	2
1	1	1	1
1	2	1	1
1	1	1	1
1	2	1	2
1	1	1	1
1	3	0	5
0	1	0	1
1	1	1	2
3	2	2	1
0	1	1	0
1	1	1	2
3	1	1	3
1	1	1	1
2	1	1	2
2	1	1	2
1	2	1	0
2	2	2	2
1	1	1	1
1	1	1	1
5	14	0	19
1	1	0	1
1	2	1	1
1	2	1	1
1	2	1	1
1	1	1	1
1	1	1	1
1	1	1	1
1	1	0	1
5	3	4	5
2	1	1	2
1	1	1	1
1	1	1	1
4	7	2	2
3	3	1	5
1	1	1	1
1	2	1	1
1	1	1	1
1	1	1	1
1	1	1	1
2	3	4	2
1	1	0	1
1	1	0	1
0	1	2	0
0	1	2	0
1	1	1	1
1	1	1	1
1	1	1	1
0	1	1	0
1	1	1	1
1	1	1	1
1	2	1	1
3	2	1	4
6	4	2	5
0	1	1	0
2	1	1	2
3	1	1	3
0	1	1	0
2	1	1	2
0	1	1	0
2	1	1	3
2	1	1	2
1	1	1	2
0	1	1	0
0	1	1	0
1	1	1	1
1	1	1	1
1	1	1	1
0	1	1	0
1	1	1	1
1	1	1	1
1	1	1	1
1	1	1	1
2	1	1	2
1	1	1	1
1	1	1	1
2	1	1	2
1	1	1	1
1	1	1	1
3	2	1	3
1	1	1	1
1	1	1	1
3	1	3	3
1	2	2	0
1	1	1	2
1	2	0	1
0	2	1	0
1	1	1	1
1	1	1	2
1	1	1	1
1	1	1	1
0	1	1	0
1	1	0	1
1	2	1	1
3	2	2	3
1	2	1	1
2	1	1	2
1	1	1	1
1	1	1	1
0	2	1	0
3	2	1	3
2	1	1	1
1	2	2	1
1	1	1	1
1	2	2	2
1	1	1	1
1	1	1	1
1	1	1	1
1	1	1	1
1	1	2	1
3	5	4	1
0	1	0	1
1	1	1	1
1	1	1	1
1	1	1	1
2	1	0	3
1	1	1	1
1	2	2	1
1	1	1	1
1	1	1	1
1	1	1	1
0	2	1	0
2	1	1	2
1	1	1	1
1	1	1	2
1	2	1	1
1	1	1	1
1	1	1	1
2	1	2	2
1	1	1	1
0	2	2	0
2	1	1	2
1	1	1	1
1	1	1	1
0	3	1	0
1	1	1	1
2	1	1	2
1	1	0	1
3	6	1	2
2	1	1	1
1	1	1	1
1	1	1	1
1	1	1	1
2	1	1	2
2	1	1	2
0	1	1	0
1	1	1	1
1	1	1	1
2	1	1	1
1	1	1	1
2	1	1	2
2	1	1	2
1	1	1	1
1	1	1	1
1	1	1	1
1	2	1	1
2	2	2	2
1	1	1	1
1	1	1	0
2	2	2	2
1	1	1	1
1	1	1	1
1	1	0	1
1	1	1	3
1	1	1	1
0	1	1	0
1	1	1	1
1	1	1	1
2	2	2	2
4	1	2	4
1	1	0	1
0	2	1	1
15	16	12	15
1	4	3	1
1	1	1	1
2	1	1	2
1	1	2	1
1	1	0	1
1	1	1	1
3	2	0	3
1	1	1	1
1	1	1	1
2	1	3	2
1	1	1	1
2	1	1	2
1	1	1	1
1	1	1	1
1	1	0	1
0	1	1	0
1	1	1	1
2	1	1	2
0	1	1	0
2	1	1	2
1	1	2	1
1	1	1	1
1	1	1	1
0	1	1	0
1	1	1	2
5	3	4	3
2	2	2	2
5	4	6	4
1	2	1	1
2	3	0	2
2	1	1	2
1	1	1	1
5	2	1	4
1	2	1	1
1	1	1	1
1	1	1	1
1	1	1	1
0	1	1	0
2	1	1	1
1	1	1	1
0	1	1	0
1	1	1	1
2	3	1	2
5	1	1	5
2	1	1	2
1	1	0	1
0	1	1	0
1	2	1	2
2	1	1	2
1	1	0	1
0	2	1	0
1	1	1	1
1	1	1	1
1	1	1	1
2	1	2	2
2	1	1	2
1	1	1	1
1	1	1	1
1	1	1	1
1	1	0	1
2	1	1	2
1	1	1	1
1	1	1	2
0	1	1	1
1	1	1	1
1	1	1	1
1	5	2	4
3	1	1	2
1	1	1	1
2	1	1	1
1	1	1	1
1	1	1	1
3	2	1	3
1	1	1	1
1	1	1	1
0	2	2	0
1	2	2	1
3	4	3	4
1	3	1	1
4	1	1	2
1	1	1	1
1	1	1	1
1	1	1	1
1	2	2	2
8	7	6	8
1	1	1	1
1	2	2	1
2	1	0	1
1	1	1	1
1	2	1	1
2	1	1	1
1	1	0	1
1	1	1	2
1	1	1	1
1	1	1	1
1	1	1	1
1	1	1	1
0	1	1	0
1	1	1	1
2	2	2	2
1	2	1	1
1	2	1	1
1	1	2	1
1	1	1	1
3	3	3	3
1	1	1	1
2	2	2	3
1	1	0	1
3	2	1	3
1	2	2	1
1	1	0	1
4	3	4	4
2	1	1	2
1	1	1	1
1	1	1	2
1	1	1	1
2	1	1	2
1	1	1	2
2	2	2	3
1	1	1	1
1	1	1	1
2	1	1	2
1	1	1	1
1	1	0	1
1	1	1	1
4	3	1	1
1	1	1	1
1	1	1	1
1	1	1	1
1	1	1	1
0	1	1	0
1	1	1	1
1	1	1	2
0	1	1	1
1	1	1	1
1	1	1	1
1	1	1	1
0	1	1	0
2	2	2	2
1	1	1	1
3	1	1	1
2	2	1	2
1	1	1	1
1	1	1	1
1	1	1	1
8	8	5	9
3	1	1	1
0	2	1	1
1	1	1	1
1	1	1	1
1	1	1	1
1	1	1	1
2	1	1	2
0	1	1	0
1	1	0	3
1	1	1	2
1	1	1	1
1	1	0	1
2	1	1	2
0	1	1	0
6	1	6	8
1	1	1	1
1	1	1	1
2	1	1	2
1	1	1	1
3	2	1	3
2	1	1	1
1	1	1	1
2	1	1	1
1	1	0	0
1	1	1	1
1	1	1	1
0	1	0	1
1	1	1	1
1	1	1	1
2	1	1	2
1	1	1	1
1	1	1	2
0	1	1	0
1	1	0	1
1	1	1	1
2	1	3	2
1	1	1	1
1	2	1	1
3	3	3	3
2	1	1	1
1	1	1	1
1	1	1	1
1	1	1	1
1	1	1	1
1	1	0	1
1	20	3	1
0	1	1	0
3	1	1	2
1	1	1	1
2	1	1	2
2	2	2	2
1	1	1	1
2	1	1	2
1	1	1	1
1	1	1	1
1	1	1	1
1	2	0	1
1	1	1	1
1	1	1	1
3	3	2	4
1	1	0	1
1	1	1	1
1	1	0	1
1	1	0	1
0	1	1	0
1	1	1	1
1	1	1	1
2	1	0	2
1	1	1	1
1	1	1	1
3	2	1	2
1	1	1	1
4	2	0	3
1	1	1	1
1	1	1	1
2	5	1	2
2	1	0	2
1	1	1	1
1	2	1	1
1	1	1	1
1	2	1	2
1	1	1	1
1	1	1	1
1	1	1	1
1	2	1	1
1	1	1	1
1	1	1	1
1	1	1	1
1	1	1	1
1	1	1	1
1	3	1	1
1	1	1	1
3	2	1	2
2	1	0	2
3	2	1	2
2	2	2	2
1	1	1	1
3	2	1	2
1	1	1	1
1	1	0	1
2	1	1	2
1	2	1	1
1	1	1	1
4	5	4	4
1	1	1	1
1	1	1	1
1	1	0	1
1	1	1	1
2	1	1	2
0	1	0	1
1	1	0	1
0	85	2	0
0	1	0	1
1	1	1	1
1	1	0	2
2	1	1	2
1	1	1	1
2	2	2	1
1	1	1	1
1	1	0	1
0	1	1	0
2	2	1	2
1	1	1	1
2	1	1	2
1	1	1	1
1	1	1	1
1	1	1	1
1	1	1	0
1	1	1	2
1	1	1	1
1	2	1	1
1	1	1	1
1	1	1	1
1	2	1	1
2	1	1	2
1	1	1	1
1	1	1	1
1	1	1	1
2	1	1	2
8	4	4	8
1	1	1	1
1	1	1	1
1	1	1	1
1	1	1	1
1	1	1	1
1	1	1	0
1	1	0	1
2	2	2	2
1	2	2	1
1	1	1	1
0	1	1	0
0	1	1	0
2	1	1	1
1	1	0	0
1	1	1	1
1	1	0	2
1	1	1	1
0	1	1	0
4	2	2	4
1	1	1	1
2	2	1	2
1	1	1	2
2	1	1	2
3	1	1	3
1	1	1	1
1	1	1	1
1	2	1	1
1	2	1	1
1	1	1	1
0	1	1	0
1	1	1	1
1	1	1	1
1	1	1	1
1	1	1	1
1	1	1	1
2	1	1	2
1	1	1	1
1	1	1	2
3	2	1	3
2	1	1	2
2	1	0	1
0	1	1	0
2	1	1	1
1	2	1	1
1	1	2	0
1	1	1	1
2	2	1	2
1	1	1	1
1	1	1	1
0	1	1	0
1	4	2	2
1	20	5	2
2	1	1	2
1	1	1	1
1	1	2	1
2	1	1	2
1	1	1	1
0	1	1	0
1	2	2	1
3	2	1	3
0	1	1	0
1	1	1	1
2	2	3	2
0	1	2	0
1	1	2	1
1	1	1	1
2	1	1	1
0	1	1	2
1	1	1	1
1	1	1	1
1	1	1	1
1	1	0	1
1	1	1	1
1	1	1	1
2	2	0	1
0	1	1	0
1	3	0	1
1	1	1	1
1	2	2	1
1	1	1	1
2	1	1	2
3	4	4	3
3	3	2	3
1	1	1	1
1	1	1	1
1	1	1	1
0	1	1	0
1	1	1	1
1	1	1	1
1	1	1	1
1	1	1	1
1	1	2	1
1	2	0	1
1	1	1	1
1	1	1	1
3	2	1	3
2	3	3	3
1	1	1	1
2	1	0	1
1	1	2	1
2	1	1	2
2	1	1	2
3	2	2	3
1	1	1	1
0	1	0	1
1	1	1	1
1	3	0	5
3	2	2	3
1	1	0	1
2	1	1	1
1	1	1	1
3	1	3	2
1	1	1	1
2	2	2	2
1	1	1	1
1	1	1	1
2	1	1	3
1	1	1	1
1	1	0	1
2	1	1	2
3	2	1	5
2	2	1	2
0	1	1	0
1	1	3	1
1	1	1	1
0	1	1	0
0	1	1	0
1	1	1	1
2	3	3	2
1	1	1	1
3	2	2	3
1	2	1	1
1	2	2	1
1	1	1	1
1	1	1	1
2	1	1	2
1	1	1	1
1	2	1	0
1	1	1	1
1	2	2	1
0	1	1	1
1	2	1	1
1	1	1	1
1	1	1	1
1	1	1	1
2	1	1	2
1	1	2	1
2	2	1	2
1	2	1	1
1	1	1	1
2	1	1	1
1	1	1	0
1	1	1	1
5	3	2	4
1	2	0	1
1	2	2	1
0	1	1	0
1	1	1	2
1	2	1	1
4	3	3	4
1	1	0	0
1	1	1	1
0	1	0	1
1	2	1	1
1	1	1	1
1	1	2	2
1	1	1	1
1	1	1	1
1	1	1	1
3	2	2	2
1	1	1	1
4	2	2	4
1	1	1	1
1	1	0	1
1	1	3	1
1	1	1	1
1	1	0	1
1	1	1	1
0	1	1	0
1	1	0	1
1	1	1	1
2	1	1	1
0	1	1	0
1	1	1	1
1	1	1	1
2	2	2	2
1	1	1	1
1	1	1	1
1	1	1	2
1	3	1	1
1	1	1	1
1	1	1	1
2	1	0	1
2	2	2	2
0	2	1	0
7	12	5	5
2	1	1	2
2	1	2	2
1	1	1	1
4	3	2	4
0	1	1	2
1	1	1	1
2	1	0	2
1	1	1	1
0	1	1	0
0	1	1	0
6	3	4	6
0	5	1	0
1	1	1	1
1	2	2	1
1	1	1	1
2	3	2	2
2	1	2	1
2	1	1	2
1	1	1	1
2	1	0	2
1	1	0	1
1	1	1	1
1	1	1	2
1	2	2	2
2	1	1	1
1	1	1	2
3	3	3	3
1	2	1	1
1	1	1	1
1	1	1	1
2	1	2	2
1	1	0	1
1	1	0	1
1	2	2	1
1	3	1	1
2	1	1	2
3	2	2	3
4	2	1	4
1	1	1	1
1	1	0	1
0	1	1	0
2	2	2	2
1	1	1	1
1	1	1	2
1	1	0	0
1	1	0	1
1	1	1	0
1	1	0	1
1	1	1	1
1	1	1	1
1	1	1	1
2	1	2	1
1	1	1	1
1	3	0	2
1	1	1	1
1	1	1	1
1	1	1	1
0	1	1	0
0	1	1	0
2	2	2	1
1	1	1	1
3	1	1	2
0	3	1	0
1	1	1	1
1	1	1	2
1	1	0	1
1	1	1	1
1	1	1	1
1	1	1	1
1	1	1	1
2	1	1	2
1	1	1	1
2	1	1	2
1	1	1	1
2	2	2	2
2	1	1	1
0	1	1	0
1	1	1	1
2	1	1	2
2	2	2	2
13	8	6	11
1	1	1	1
1	1	1	1
3	1	1	3
1	1	1	1
1	1	1	1
2	3	3	2
1	1	1	1
2	2	1	3
1	1	1	1
1	1	1	1
1	1	1	1
1	1	2	1
2	1	1	1
2	3	1	3
1	1	1	1
2	1	1	2
1	1	1	1
2	2	2	2
1	1	1	1
1	1	1	1
0	1	2	0
1	1	0	1
1	1	1	1
1	1	1	1
1	1	1	1
1	1	1	1
1	1	1	1
0	1	2	0
1	1	1	1
1	1	1	1
1	1	1	1
1	1	1	1
3	1	1	2
1	1	1	1
0	3	0	1
1	1	1	1
1	1	0	1
1	2	2	1
1	1	1	1
1	2	1	1
0	1	0	1
0	1	1	0
1	1	1	1
1	1	1	1
0	1	1	0
1	1	1	1
2	2	1	2
1	1	1	1
0	1	1	0
1	1	1	1
2	1	1	2
1	1	1	1
1	2	2	3
1	1	1	2
1	3	1	1
1	1	1	1
0	1	1	1
1	1	1	1
1	2	1	1
1	2	1	1
1	1	1	1
3	1	0	2
1	1	1	1
1	1	1	1
3	2	1	2
1	1	1	1
1	1	1	1
2	3	1	2
1	1	1	1
1	1	1	1
1	1	1	1
1	1	0	1
0	1	1	0
1	1	0	1
1	1	1	1
1	1	0	1
1	1	1	1
1	1	1	1
2	1	2	1
1	1	1	1
1	1	0	1
0	1	1	0
0	1	1	0
1	2	1	1
2	1	1	2
1	1	1	1
2	1	1	2
0	2	1	0
1	1	1	1
1	2	1	1
3	3	2	3
1	1	1	1
0	1	1	0
2	1	1	2
1	1	0	1
2	1	1	2
1	1	1	1
2	4	2	2
1	1	1	1
1	1	1	1
1	1	1	1
2	1	1	2
3	2	3	4
2	1	1	2
1	1	1	1
1	1	0	1
1	2	1	1
1	1	0	1
1	1	1	1
2	2	1	1
0	1	1	0
1	1	1	1
1	1	1	1
7	8	4	9
2	1	0	3
1	1	2	1
0	1	1	0
1	1	2	1
3	1	2	3
1	2	1	1
2	2	1	2
1	1	0	1
0	1	0	1
1	1	1	1
2	1	1	1
1	2	1	1
1	1	1	1
1	1	1	1
3	2	1	3
1	1	1	1
3	2	1	3
1	1	1	1
2	3	3	3
2	2	1	2
1	1	1	1
1	1	1	1
2	2	2	2
1	1	1	1
1	1	1	1
1	1	1	1
0	1	1	0
2	1	1	1
1	1	1	3
2	1	1	1
1	1	1	1
2	2	1	2
1	1	2	1
1	1	1	1
4	4	1	4
1	1	1	1
3	1	1	3
2	1	1	2
1	2	2	1
1	1	1	1
1	1	1	1
0	1	1	0
0	1	1	1
1	2	1	1
1	1	1	1
0	1	1	0
2	1	2	2
2	2	2	2
1	1	0	2
0	1	1	0
1	2	1	1
1	1	0	0
2	1	1	4
2	1	1	2
1	1	1	2
1	1	0	1
1	1	1	1
1	1	1	1
2	2	0	2
1	1	1	1
1	1	1	1
1	1	1	1
1	1	2	1
0	1	1	0
1	1	1	1
1	1	1	1
1	1	1	1
1	1	1	1
1	1	3	1
1	1	1	1
1	1	1	1
1	1	1	1
0	1	2	0
1	1	1	1
9	4	3	9
1	1	1	1
0	1	1	0
0	4	1	0
1	3	0	0
1	1	1	1
0	1	1	0
1	2	1	1
2	2	2	2
1	1	1	1
1	1	1	1
1	1	1	1
1	1	1	1
2	1	1	2
0	1	1	0
2	1	1	1
1	1	1	1
2	2	2	2
1	1	0	1
1	1	1	1
1	1	1	1
1	1	1	1
1	1	1	1
1	1	1	1
1	1	1	1
4	1	2	4
1	1	1	0
1	2	0	1
1	1	1	1
1	1	0	1
1	1	1	1
2	1	1	2
1	1	1	1
0	1	1	0
0	1	1	0
2	2	0	2
1	2	1	1
1	1	1	1
1	1	1	1
1	1	1	1
3	2	3	3
1	1	1	2
1	1	1	1
3	2	3	2
1	1	1	1
1	1	1	1
1	1	1	1
2	1	2	1
2	1	1	2
1	1	1	1
0	1	1	0
2	1	1	1
2	1	1	1
2	1	2	2
1	1	1	1
0	1	1	0
1	1	1	1
1	1	1	1
1	1	1	1
1	1	1	1
0	1	1	0
2	1	1	2
1	1	1	1
2	3	2	3
1	1	1	1
7	3	2	7
1	1	1	1
2	1	1	1
1	1	1	1
1	1	1	1
2	1	1	2
1	1	0	1
3	1	1	3
2	1	1	2
2	1	1	3
1	1	1	1
3	2	0	2
9	5	6	8
1	2	1	2
2	1	1	2
0	1	1	0
1	1	1	1
2	1	1	2
1	2	1	1
1	1	1	1
1	1	1	1
1	1	0	1
2	3	2	1
1	1	1	1
0	2	1	0
1	1	1	1
1	1	2	2
1	6	1	1
1	1	2	1
1	1	1	1
1	1	1	1
2	1	1	2
1	1	1	1
2	2	2	2
3	2	2	3
5	4	4	4
1	1	1	1
0	1	1	0
1	1	1	1
1	1	0	1
1	1	1	1
2	2	2	2
1	1	1	1
1	1	1	2
0	1	1	0
1	1	1	1
1	1	1	1
1	2	1	1
2	3	3	2
1	4	5	4
4	3	2	4
4	1	1	8
1	1	1	1
1	1	1	1
1	1	0	2
1	1	2	1
1	1	1	1
2	2	1	2
0	1	1	0
2	1	1	2
1	1	1	2
3	9	2	3
0	2	1	0
1	1	1	1
1	1	1	1
2	2	1	2
1	1	1	2
1	1	1	1
1	1	2	1
1	1	0	1
1	1	1	1
0	1	1	0
0	2	1	0
1	1	0	1
1	1	1	2
0	1	1	0
3	2	2	4
1	3	1	1
1	1	1	1
1	1	1	1
1	1	1	1
1	1	1	1
1	1	1	1
1	1	1	1
1	1	1	1
0	1	1	0
1	1	1	2
1	1	0	1
1	1	1	1
0	1	4	0
1	1	1	1
2	2	1	2
1	2	0	1
1	1	1	1
1	1	1	1
0	1	1	0
0	1	1	0
2	1	1	1
4	3	2	4
1	1	1	1
1	1	2	1
1	1	1	2
2	1	2	2
1	1	0	1
2	2	1	2
1	1	1	1
1	1	1	1
1	1	1	1
1	2	0	1
1	1	1	1
1	2	1	1
0	1	1	0
0	2	1	2
2	3	2	2
1	1	1	1
1	1	1	1
2	1	1	2
1	1	1	1
2	1	1	2
1	1	1	1
1	1	1	1
3	2	2	2
2	1	1	2
1	1	0	1
1	1	1	1
1	1	1	1
3	2	2	3
1	2	4	1
3	3	2	2
0	1	1	0
0	1	1	0
1	1	1	1
3	3	1	3
1	2	2	2
2	5	4	4
2	1	1	1
1	1	1	1
1	1	1	1
1	1	1	1
2	2	1	2
1	2	2	2
0	1	1	0
1	1	1	1
0	1	2	0
1	1	1	1
0	4	1	0
1	1	1	1
2	1	1	1
1	1	1	1
1	1	1	1
1	1	1	1
0	1	1	0
2	2	1	2
1	3	3	1
1	1	1	1
1	1	0	1
1	1	2	1
1	1	1	1
2	1	1	2
1	1	1	1
1	1	1	1
1	2	1	3
8	5	3	7
1	1	1	1
2	1	1	1
1	1	1	1
1	1	1	2
1	2	1	1
1	1	1	1
2	2	2	2
0	2	2	0
1	1	1	1
1	2	1	1
1	1	1	1
1	1	1	1
2	1	2	1
1	1	1	1
1	12	7	2
1	2	1	3
1	1	1	1
2	1	1	2
1	2	1	1
3	2	1	3
1	2	1	1
2	2	1	2
1	8	5	4
0	1	1	0
1	1	0	1
0	1	1	1
0	1	1	1
1	2	1	1
1	1	1	1
1	1	1	2
1	1	1	1
1	1	1	1
1	1	1	1
1	1	1	1
1	1	1	1
2	2	1	1
1	1	1	1
1	1	2	1
1	1	0	1
1	1	1	1
1	1	1	1
2	2	2	3
1	1	1	1
1	1	1	2
2	1	3	1
0	1	1	1
2	1	1	3
2	1	1	1
1	2	1	3
1	1	1	1
1	1	0	1
1	1	1	2
1	1	1	1
0	1	1	0
1	1	1	1
1	1	1	1
1	1	1	1
0	1	1	0
1	4	2	1
2	1	1	1
1	1	0	1
1	1	2	2
1	1	0	1
1	1	0	1
2	2	1	2
2	1	2	2
1	1	1	1
2	2	2	3
2	2	2	2
1	1	2	1
1	1	0	1
1	1	0	1
1	1	2	1
1	1	1	1
1	1	1	1
1	1	1	1
1	1	1	1
8	5	4	8
3	2	1	3
2	2	1	2
5	2	2	5
0	1	1	0
2	2	1	2
1	1	1	1
1	1	1	1
1	1	1	1
3	1	1	3
0	1	1	0
0	1	1	0
0	1	1	0
1	1	1	1
0	3	2	0
1	2	1	1
1	1	1	1
1	1	1	1
3	3	4	3
1	1	1	1
2	2	2	2
1	1	1	1
1	1	1	1
2	2	2	2
1	1	1	1
2	1	1	2
1	1	2	1
1	1	1	1
1	1	2	1
1	1	1	1
1	1	1	1
1	1	1	1
1	1	1	1
1	1	1	1
2	3	2	3
1	1	1	1
1	1	1	1
1	1	1	1
1	1	1	1
1	1	1	1
1	1	0	1
1	1	1	1
1	1	1	1
1	1	1	1
1	1	1	1
3	1	2	3
2	1	1	1
0	1	1	0
1	1	1	1
0	1	1	0
1	1	1	1
1	1	1	1
1	1	1	1
0	2	1	0
1	1	1	3
1	1	2	1
1	2	2	1
1	1	1	1
1	1	1	0
1	1	1	1
1	4	1	1
2	1	2	2
1	1	1	2
1	1	1	1
1	1	1	1
1	1	1	1
1	1	1	1
1	1	1	1
5	3	2	5
2	2	2	2
3	1	1	1
1	1	1	1
1	1	1	1
2	1	1	2
1	1	1	1
1	1	1	1
1	1	1	1
1	1	1	1
1	1	1	1
1	2	2	1
1	1	0	1
1	3	0	1
2	1	1	2
2	1	1	2
2	1	1	2
2	1	1	2
2	1	1	2
0	3	2	0
1	1	1	1
1	1	1	1
1	1	0	1
2	1	1	2
1	1	1	1
2	2	2	2
1	1	1	2
1	3	2	1
1	1	1	1
1	1	0	1
1	1	1	1
1	1	0	1
1	1	1	1
1	1	1	1
1	1	1	1
1	1	1	1
1	1	1	1
1	2	2	1
1	1	2	1
1	1	1	1
1	1	1	1
1	1	1	1
0	1	1	1
1	1	1	1
1	1	1	1
2	3	1	1
2	1	1	2
3	3	2	3
2	1	1	2
0	2	1	0
2	2	1	3
1	1	1	1
0	1	1	0
2	1	1	2
1	1	1	1
1	1	1	1
1	1	1	1
1	1	1	1
1	2	2	2
2	2	1	2
1	1	1	1
1	1	2	1
1	1	1	1
1	1	1	1
2	1	1	1
3	1	1	3
3	1	1	3
1	1	1	1
1	1	1	1
1	1	1	1
2	2	1	2
1	1	1	1
1	1	1	1
3	1	1	3
3	2	2	3
1	1	1	1
0	1	1	0
1	1	0	3
2	2	1	1
0	1	1	0
1	1	0	1
0	2	1	1
1	1	1	1
1	1	1	1
3	2	2	2
1	1	1	2
2	1	1	2
1	1	1	1
1	1	1	1
2	1	1	1
2	1	1	2
1	1	1	1
1	1	2	1
2	1	1	2
2	1	1	2
1	1	1	1
1	1	0	1
1	1	1	1
1	1	1	1
1	1	1	1
3	2	3	3
1	1	1	1
1	2	1	1
1	1	1	1
1	1	1	1
2	1	1	1
1	1	1	1
1	1	1	1
0	1	1	0
0	1	2	0
1	1	1	1
0	1	1	0
0	1	0	1
1	1	1	1
0	2	1	0
1	1	1	1
1	1	1	1
2	1	2	1
4	1	1	1
2	2	1	2
2	2	1	2
0	1	1	0
3	7	0	4
1	1	1	1
1	1	1	1
1	1	1	1
1	1	1	1
0	1	1	0
1	1	1	1
0	1	1	1
1	1	1	1
2	2	2	2
9	10	7	10
1	1	0	1
2	2	1	2
1	1	1	1
2	1	1	1
1	1	1	1
1	1	1	1
2	1	1	2
1	1	1	1
2	2	2	2
1	1	0	1
1	1	1	1
1	1	1	1
1	2	1	2
1	1	1	1
1	1	1	1
1	1	1	2
1	1	1	1
2	2	0	2
1	1	0	0
1	2	0	1
1	1	1	1
1	1	1	1
1	1	1	1
1	1	1	1
1	1	1	1
1	1	1	1
1	1	0	1
1	1	1	1
2	2	1	2
1	1	1	1
0	2	1	0
1	1	1	1
1	1	1	1
2	1	1	2
1	1	1	1
0	2	2	0
1	1	1	1
0	1	1	1
1	1	1	1
2	2	2	2
0	1	1	0
1	1	1	1
1	2	1	1
2	1	1	2
1	1	1	1
2	1	0	2
1	1	1	1
1	1	1	1
1	1	1	1
0	1	1	0
2	1	1	1
0	1	1	0
1	1	1	1
1	1	0	1
1	2	2	1
1	1	1	1
2	1	1	1
2	7	1	3
2	1	1	2
2	1	1	3
1	1	1	1
1	6	4	6
0	2	1	1
2	1	1	2
2	6	2	4
1	2	0	1
7	56	0	23
1	1	1	1
1	1	1	1
4	2	1	3
1	2	1	1
1	1	0	1
0	1	1	0
1	1	0	1
1	1	1	2
1	1	1	1
1	1	1	1
1	1	2	1
1	1	1	1
2	2	2	3
2	1	0	2
1	1	1	1
1	1	1	1
1	2	1	1
2	1	1	2
1	1	0	1
3	2	2	3
1	1	1	1
1	1	0	1
1	1	1	1
5	4	3	5
1	2	1	1
1	1	1	2
1	3	1	2
1	1	0	1
1	1	1	1
1	2	1	1
1	1	1	2
1	1	1	1
1	1	1	1
1	1	1	1
1	1	1	1
2	1	1	1
0	1	1	0
2	1	1	2
1	1	1	1
0	1	1	0
1	1	0	1
2	2	1	2
1	1	1	1
1	1	1	1
1	1	1	1
1	1	1	1
1	1	1	1
1	1	1	1
1	1	1	2
1	1	1	1
7	15	11	6
1	2	1	1
5	1	1	3
1	1	1	1
5	4	1	5
0	1	1	0
2	1	1	3
2	4	4	3
1	1	1	1
1	1	1	1
1	1	1	1
1	1	1	1
1	1	1	1
1	1	1	1
1	2	0	1
2	4	2	2
1	1	1	1
2	1	1	2
0	1	1	0
1	1	0	1
1	1	1	1
1	1	2	1
2	1	1	2
2	2	2	2
1	1	1	1
2	1	1	2
3	1	1	2
1	1	1	1
0	1	1	0
1	1	0	1
1	1	0	1
1	1	1	1
1	1	1	1
3	2	2	3
1	1	1	1
1	2	1	1
3	2	2	3
1	1	1	1
1	1	1	1
1	1	1	1
1	1	1	1
1	1	1	1
1	1	1	1
1	1	0	1
1	1	0	0
0	1	1	0
0	1	1	0
1	1	1	1
1	1	1	2
2	1	1	1
2	1	1	1
2	1	1	2
2	2	2	2
1	1	1	1
0	1	1	0
1	1	0	1
1	1	1	1
1	1	0	1
1	1	1	1
2	1	1	2
1	1	0	1
1	1	0	1
1	1	1	1
1	1	1	1
1	1	0	1
1	1	1	1
1	1	1	1
2	1	1	2
2	1	1	2
1	1	1	1
1	1	1	1
3	3	2	2
1	1	2	1
1	1	1	1
3	1	1	4
2	3	2	2
2	1	1	2
2	4	1	2
1	1	1	1
1	1	1	1
2	1	1	2
2	2	2	2
0	5	1	0
1	1	1	1
2	1	1	2
1	2	1	1
1	1	1	2
1	1	0	1
1	1	0	3
1	1	1	1
1	2	0	0
1	1	1	1
1	1	1	1
1	1	1	1
1	1	1	1
1	1	1	1
1	1	1	1
1	1	1	2
1	1	1	1
1	2	1	1
1	1	2	1
1	1	1	1
1	2	2	1
2	3	2	2
1	1	1	1
1	1	1	1
2	1	2	2
1	1	1	0
1	1	1	1
1	1	1	1
0	2	1	0
4	8	9	6
1	1	1	1
1	1	2	1
2	2	2	2
1	1	1	1
1	1	1	1
1	1	1	1
1	1	1	1
1	1	1	1
1	2	1	1
0	1	1	0
1	1	1	1
1	1	1	2
1	1	1	2
2	1	1	2
1	1	0	1
1	1	1	1
1	1	1	1
2	1	2	2
1	1	1	1
0	1	1	0
1	1	1	1
1	1	1	1
1	1	1	1
0	1	2	0
1	1	1	1
1	1	1	1
0	1	1	0
1	1	1	1
1	1	0	1
1	1	1	1
1	1	0	1
1	1	1	1
1	6	1	1
1	1	1	1
2	3	1	2
1	1	1	1
1	1	1	1
1	1	1	1
2	2	2	2
1	1	1	1
0	1	1	0
0	1	1	0
1	2	0	1
2	1	1	3
1	1	1	1
1	1	1	1
1	2	0	1
0	1	1	0
1	1	1	1
1	1	2	1
0	1	1	0
1	1	1	1
3	2	2	3
3	1	1	3
1	1	1	1
7	5	3	7
2	1	0	1
2	1	1	2
3	2	2	4
1	1	1	1
0	3	0	1
1	1	1	1
1	1	1	1
2	3	1	2
1	1	1	1
1	1	0	1
0	1	1	0
1	1	1	1
1	1	1	1
1	1	1	1
0	1	1	0
0	1	0	1
2	1	1	2
2	1	0	2
1	1	2	1
1	1	1	1
1	1	1	1
2	1	1	2
1	1	1	1
1	1	1	1
1	1	1	1
1	1	1	1
1	1	0	1
1	1	0	1
1	1	1	1
1	1	1	1
1	1	1	1
1	3	1	1
1	1	1	1
2	1	1	2
3	2	0	3
3	4	3	3
1	1	1	1
1	1	1	1
1	1	1	1
0	1	1	0
1	1	1	1
1	1	0	1
1	1	1	1
2	1	2	1
1	1	1	1
1	1	1	1
0	1	1	0
3	1	1	2
1	1	0	1
0	1	1	0
1	1	1	1
1	1	1	1
0	1	1	0
1	1	1	1
1	1	1	1
1	1	1	1
1	1	1	1
2	1	1	2
0	1	2	0
3	1	1	1
1	1	1	1
3	3	1	3
1	1	1	1
1	1	1	1
1	1	1	1
3	2	2	4
1	1	1	1
1	1	1	1
0	1	1	0
1	1	0	1
1	1	0	1
1	1	1	1
0	1	1	1
1	1	1	1
1	1	1	1
1	1	1	1
2	2	1	2
4	3	1	3
1	1	1	1
1	1	2	1
0	2	1	0
1	1	3	1
1	1	1	1
3	1	2	3
1	1	1	1
1	1	1	1
2	1	1	2
2	2	2	2
8	4	4	8
1	1	1	1
1	1	1	1
1	1	1	1
1	1	1	1
1	1	1	1
4	3	1	3
1	2	0	1
1	1	1	1
3	1	1	2
1	1	1	1
2	3	33	1
2	2	2	2
1	1	0	2
1	2	2	1
2	1	1	2
1	1	1	1
1	1	1	1
2	1	1	1
1	1	2	1
1	1	1	1
1	1	1	1
1	1	1	1
1	1	1	1
2	4	2	2
1	1	1	1
2	1	1	1
2	1	1	1
0	2	1	0
1	1	0	1
0	1	1	0
0	2	1	1
1	1	0	1
1	1	1	1
1	1	1	1
1	1	1	2
2	1	1	2
2	1	1	2
1	1	1	1
3	4	3	3
1	1	1	1
2	2	2	2
1	1	2	1
0	1	1	0
1	1	1	1
2	1	1	1
1	1	1	1
1	1	1	1
1	1	1	1
1	1	0	1
0	1	0	1
1	1	0	1
2	2	3	2
1	1	1	1
1	1	1	1
1	1	1	1
0	1	1	0
1	1	2	1
1	1	1	1
2	1	1	2
1	2	1	1
3	1	1	3
0	1	1	0
1	1	1	1
1	1	1	1
1	1	1	1
2	1	1	2
1	1	1	1
2	1	1	2
1	2	1	1
1	1	1	1
2	1	0	2
3	1	1	3
1	1	1	1
1	1	1	1
2	1	1	2
0	1	1	0
1	1	1	1
1	1	1	1
1	1	1	1
1	1	1	1
1	1	1	1
1	1	1	1
1	2	1	1
1	1	1	2
1	1	1	1
0	24	6	0
1	1	1	1
1	1	1	1
1	1	1	2
1	1	1	1
1	1	0	1
1	1	2	1
1	1	1	1
1	1	1	1
1	2	1	1
1	1	1	1
1	1	0	1
1	1	1	1
3	1	2	2
1	1	0	1
2	1	1	2
1	1	1	1
2	1	2	2
0	1	1	0
1	1	1	1
1	1	1	1
2	1	1	2
2	2	2	2
0	1	1	0
1	1	1	1
0	2	1	0
1	1	1	1
1	1	1	1
1	1	1	1
1	1	1	1
1	2	1	1
3	3	2	3
2	1	1	2
1	1	1	1
1	1	1	1
1	2	1	1
1	1	1	1
1	1	1	1
0	1	1	1
1	1	1	1
0	1	1	0
2	1	1	2
1	1	1	1
1	1	1	1
1	2	1	1
1	1	1	1
2	1	1	1
1	1	1	1
2	1	1	2
1	1	0	1
2	2	2	2
1	1	1	1
1	1	1	1
1	1	1	1
1	1	0	1
1	1	1	0
1	1	1	1
1	2	1	2
1	1	2	1
1	1	1	1
1	1	1	1
1	1	1	1
1	1	1	1
1	1	1	1
2	3	2	2
2	1	1	2
1	1	1	1
1	1	0	1
1	1	1	1
1	1	1	1
1	1	1	1
1	2	2	1
1	1	1	1
2	1	1	2
1	1	1	1
1	1	1	1
1	1	2	1
1	1	1	1
1	1	1	1
1	1	0	2
0	1	1	0
2	1	1	2
2	1	1	2
1	1	1	1
1	1	1	1
3	2	2	2
2	1	1	2
1	1	1	1
6	4	3	6
2	2	1	2
1	1	1	1
4	2	2	3
1	1	0	1
1	1	1	1
1	2	0	1
2	1	1	1
1	1	1	1
1	1	1	1
5	4	4	3
1	1	1	1
1	1	0	1
1	1	1	1
2	1	1	2
1	1	1	1
1	3	7	1
2	1	1	2
1	1	1	1
2	3	2	2
1	1	1	1
2	1	1	2
2	2	2	2
0	1	1	0
1	1	1	1
1	1	0	1
1	1	0	1
1	1	1	1
1	1	0	1
1	1	1	1
1	1	1	1
1	1	1	1
0	1	1	0
1	1	0	1
0	1	1	0
1	1	2	1
0	1	1	0
1	1	1	1
0	1	1	0
1	1	1	1
1	1	1	1
1	1	1	1
1	1	1	1
1	1	1	2
2	1	0	2
1	1	2	1
0	1	1	0
1	1	1	1
3	3	2	3
1	2	1	1
1	1	1	1
0	1	1	0
2	1	1	2
1	1	1	1
1	1	1	1
2	1	2	2
4	25	10	9
3	1	2	4
1	1	1	1
0	2	1	0
1	1	1	1
2	1	1	2
0	1	2	0
1	1	0	1
0	1	2	0
1	1	1	1
3	3	2	3
1	1	1	1
5	3	3	5
1	1	1	1
1	1	1	1
3	1	0	1
1	2	1	1
1	2	2	1
3	1	1	3
1	1	1	1
1	1	1	1
1	1	1	1
1	1	1	1
1	1	0	1
2	1	0	2
1	2	1	1
3	3	3	3
1	1	1	1
3	3	3	3
1	1	1	1
1	2	0	1
2	2	1	2
0	1	1	0
1	1	1	1
1	2	1	1
1	1	1	1
0	1	1	1
2	1	2	3
2	2	2	2
1	1	1	1
1	1	1	1
1	1	1	1
1	1	1	1
1	1	1	1
1	1	1	1
1	1	1	1
1	1	1	1
0	1	1	1
2	1	1	2
0	1	1	0
1	1	0	1
1	1	1	1
0	1	1	0
1	1	1	1
1	1	0	1
0	1	1	0
0	1	1	0
1	1	1	1
1	1	1	1
1	1	1	1
1	1	1	1
1	1	1	1
1	1	1	1
1	1	1	1
2	1	1	1
1	1	1	1
0	1	1	0
1	1	1	1
1	1	1	1
1	1	1	1
1	1	1	1
1	1	1	1
1	1	1	1
1	1	2	1
2	3	2	2
1	1	1	1
2	2	2	2
1	1	1	2
1	1	1	1
1	1	1	1
1	1	1	1
3	2	1	3
2	2	1	1
1	1	1	1
0	1	1	0
11	14	10	11
0	1	1	0
1	1	0	1
1	1	1	1
2	1	1	2
1	1	1	1
1	2	1	5
2	1	1	2
1	2	2	2
1	1	1	1
1	1	1	1
2	1	1	2
0	1	1	0
1	1	1	1
1	6	2	2
0	1	1	1
1	1	1	1
1	1	1	1
1	1	1	1
1	1	1	1
1	1	1	1
3	2	1	2
1	1	0	1
4	3	2	4
1	1	1	1
1	2	1	1
1	1	1	1
1	3	1	1
1	1	1	1
0	1	1	0
2	2	1	2
0	1	1	0
0	1	1	0
1	1	1	1
2	4	2	2
1	1	0	1
1	1	1	1
0	1	1	1
1	1	1	1
1	1	1	1
2	2	2	2
1	1	1	1
1	1	1	1
2	2	1	2
1	1	2	1
1	1	1	1
2	1	0	1
1	1	1	1
1	1	1	1
3	2	1	3
2	2	2	2
1	1	1	1
1	1	1	1
1	1	1	1
1	1	1	1
1	1	1	1
3	8	7	2
1	1	1	1
4	2	1	3
1	1	1	1
1	1	1	1
3	1	1	3
2	2	1	2
1	1	1	1
1	1	0	1
1	1	1	1
1	1	1	2
1	1	1	1
0	1	1	0
4	2	0	4
5	2	1	5
3	3	3	3
1	1	1	1
1	1	1	1
2	1	0	2
3	2	1	2
0	1	1	0
2	2	2	2
1	1	1	1
1	1	1	1
1	1	1	1
1	2	1	1
1	1	1	1
1	1	0	1
1	1	1	1
1	1	1	1
2	1	1	2
1	2	2	1
0	1	1	0
1	1	1	1
2	1	0	2
1	1	1	1
1	1	1	1
0	2	1	0
1	1	1	1
1	1	1	1
1	1	0	1
1	1	0	1
0	1	1	0
0	1	1	0
1	1	1	1
1	1	0	1
2	1	2	2
8	5	3	8
1	1	1	2
1	1	0	1
3	1	1	1
1	1	1	1
1	1	1	1
1	2	2	1
1	2	1	1
1	1	1	1
1	1	1	1
2	2	1	2
1	1	0	1
1	1	2	2
1	1	1	1
1	2	1	1
0	1	1	1
3	2	2	3
1	1	0	1
1	1	0	1
4	2	1	4
1	1	1	1
3	2	1	3
1	1	1	1
3	2	2	3
1	1	1	1
1	2	3	1
2	2	0	2
1	1	1	1
1	1	1	1
0	1	1	0
1	1	0	1
1	1	2	1
2	1	1	2
1	1	1	1
1	1	1	1
1	1	1	2
1	1	1	1
1	1	0	1
1	1	1	1
1	1	1	1
3	3	1	4
0	1	1	0
1	5	0	2
1	1	1	1
1	2	1	1
1	1	1	1
1	1	1	1
2	13	3	2
1	1	1	1
2	1	1	3
0	1	1	0
1	1	1	1
1	1	1	1
1	1	1	1
1	1	0	1
1	1	1	1
1	1	1	1
1	1	0	1
0	1	1	1
2	2	2	2
2	3	1	2
1	1	1	1
0	1	1	0
2	1	1	2
1	1	1	1
1	1	1	1
0	1	1	0
1	1	1	1
1	1	1	1
3	1	0	1
1	1	1	1
1	1	1	1
1	1	1	1
1	1	1	1
1	1	1	1
1	1	1	1
1	2	1	1
1	1	1	1
2	1	1	1
1	1	1	1
1	1	1	1
2	2	2	2
1	1	1	3
1	1	1	1
3	2	2	3
2	2	2	2
1	1	1	1
0	1	1	0
3	3	2	3
0	1	1	0
2	1	0	2
1	2	1	1
2	4	0	0
2	1	1	2
1	1	2	1
1	1	1	1
3	2	1	3
2	2	1	2
0	2	1	0
1	1	1	1
1	1	1	1
1	1	1	1
2	1	0	2
3	1	1	2
2	1	1	2
4	3	2	3
1	1	1	0
1	1	0	1
1	1	1	1
1	2	2	2
1	1	1	1
2	1	1	2
1	1	0	1
2	1	1	2
2	3	1	4
1	1	0	1
0	1	1	1
1	1	1	2
1	1	1	1
4	3	3	4
1	1	0	1
0	1	1	1
1	1	1	1
1	1	1	1
1	1	0	1
0	1	1	0
1	4	2	2
4	1	1	1
1	1	1	1
1	2	1	1
1	1	1	1
10	5	4	10
1	2	1	1
1	1	1	1
1	1	1	2
1	1	1	1
2	1	1	2
1	1	1	1
1	1	0	1
1	1	1	1
1	1	1	1
1	2	1	1
6	12	2	13
1	1	1	1
1	1	1	1
15	13	9	13
1	1	1	1
2	1	1	2
1	1	1	1
2	1	0	2
3	7	0	1
1	1	1	1
1	1	1	1
1	1	1	1
1	1	1	1
1	1	1	2
1	2	1	1
1	1	1	1
1	1	1	1
1	1	1	1
1	1	1	1
1	2	1	1
0	2	2	2
1	1	1	1
0	1	1	0
1	1	1	1
1	1	0	1
2	1	1	2
0	1	1	0
1	1	1	1
1	1	1	1
1	1	0	0
1	1	1	1
1	1	1	1
1	1	0	1
1	1	1	1
1	1	1	1
2	2	2	2
1	1	0	1
2	1	1	1
2	1	1	2
1	2	1	1
0	1	1	0
1	5	2	2
0	1	2	0
1	1	0	1
1	2	2	1
1	1	1	1
1	1	1	1
0	1	1	0
1	1	1	1
1	1	1	1
2	1	1	2
2	1	1	2
3	2	2	4
1	2	2	2
2	2	1	2
3	1	2	1
1	1	1	2
1	1	3	1
1	1	0	1
0	1	0	1
1	1	0	1
2	1	1	2
1	1	1	1
2	1	1	1
1	1	1	1
2	3	2	2
1	2	1	1
1	1	1	1
1	1	1	1
1	1	0	1
2	1	0	1
1	1	1	1
1	1	1	1
2	1	1	1
1	1	1	1
3	2	2	3
1	1	1	1
2	1	1	1
1	1	1	1
1	1	1	1
1	1	1	1
2	1	1	3
2	1	0	1
3	1	1	2
3	2	2	3
1	1	1	1
0	1	1	1
2	1	1	2
1	1	2	1
1	1	1	1
1	2	2	1
1	1	1	1
1	1	1	1
1	1	1	1
1	1	1	1
1	1	1	1
1	1	0	1
1	1	0	2
1	1	1	1
2	1	1	2
2	1	1	2
1	2	1	1
2	1	1	2
1	1	1	1
1	1	1	1
0	1	1	1
1	1	1	1
1	1	0	1
1	1	1	1
1	1	1	1
1	1	1	1
3	4	3	3
3	1	1	2
0	1	1	1
1	1	0	1
2	3	3	3
1	1	1	1
1	1	1	1
1	1	1	1
2	1	0	2
1	1	1	1
1	1	1	1
1	1	1	1
2	1	1	1
1	1	1	1
1	1	0	1
1	1	0	1
1	1	1	1
1	1	2	1
1	1	1	1
1	1	1	1
1	1	1	1
1	1	1	1
1	1	1	1
1	1	1	2
1	2	2	1
3	1	1	3
1	1	1	1
1	1	1	1
0	1	1	1
0	1	1	0
2	1	1	3
2	3	2	2
3	2	2	2
2	2	1	2
1	1	0	1
1	2	1	1
0	1	1	0
2	2	1	3
1	1	1	1
1	1	1	1
1	1	0	1
2	1	1	1
1	1	1	1
12	9	4	11
1	2	2	1
1	2	2	1
1	1	1	1
1	1	1	1
1	2	0	1
1	2	0	1
1	1	0	1
1	2	1	1
2	1	1	2
1	1	1	1
1	1	1	1
3	2	2	3
1	1	1	2
1	1	1	1
0	2	1	0
1	1	1	1
1	1	1	1
1	1	1	1
2	3	3	5
0	2	2	0
1	1	0	1
2	1	1	2
1	1	1	1
2	2	1	2
3	1	1	3
1	2	1	1
2	2	2	4
2	1	1	2
2	2	1	2
4	2	1	3
1	1	1	1
1	1	1	1
1	1	1	1
1	1	1	1
1	1	0	1
1	2	1	1
0	4	5	0
1	1	0	1
1	1	1	1
1	1	1	1
1	1	0	1
1	2	0	1
1	1	1	1
1	1	0	1
3	1	2	3
1	2	0	1
1	1	1	1
1	1	0	1
1	1	2	1
1	1	1	1
1	1	1	1
3	2	2	3
1	1	1	1
1	1	1	1
1	1	1	1
1	1	1	1
1	1	1	1
1	1	1	1
1	1	1	1
0	1	1	0
1	1	0	1
1	1	2	1
1	1	3	1
1	1	1	1
1	1	1	1
1	1	1	1
1	1	1	1
1	2	1	1
1	1	1	1
1	1	1	1
4	2	0	4
0	1	1	0
1	1	1	1
1	1	1	1
2	1	1	2
2	2	1	2
1	1	1	1
2	1	1	2
1	1	1	1
1	1	1	1
0	1	1	0
1	1	1	1
1	2	2	1
1	1	1	1
1	1	2	1
2	1	1	2
2	2	1	2
1	1	1	1
1	2	1	1
1	1	1	1
2	1	1	2
1	2	1	1
1	1	1	1
0	1	1	0
0	1	1	0
0	1	1	0
2	1	1	2
1	1	1	1
1	1	1	1
1	2	1	1
2	2	1	2
1	1	1	1
1	1	1	1
0	1	2	0
1	1	1	1
1	1	1	1
1	1	0	1
1	1	1	1
1	1	1	1
2	1	1	2
5	3	4	5
1	1	1	1
1	1	1	1
2	1	1	2
2	1	1	2
2	1	1	2
1	1	1	1
1	2	1	1
2	1	1	1
1	1	1	1
0	1	1	0
1	1	2	1
0	1	1	0
2	3	3	2
1	1	1	1
1	1	1	1
1	1	1	1
1	1	0	1
1	1	1	1
1	1	3	1
1	1	1	1
1	2	2	2
1	1	1	1
1	1	1	1
0	1	1	0
4	2	2	4
1	1	1	1
2	1	1	2
1	1	1	1
2	2	1	2
3	7	0	2
1	2	1	1
1	1	1	1
1	2	2	3
1	1	1	1
2	2	1	2
1	1	1	1
1	1	1	1
0	4	1	0
2	1	1	2
0	1	0	1
1	1	0	1
1	1	1	1
0	1	1	0
1	1	1	1
2	2	3	2
1	1	1	1
5	2	2	4
1	2	1	1
1	1	1	1
1	2	1	1
1	1	1	1
1	1	0	1
1	2	2	2
4	3	1	2
2	1	1	2
2	1	1	2
1	2	2	1
2	1	1	2
3	2	2	3
2	1	1	1
1	1	1	2
1	1	1	1
1	1	1	1
1	1	1	1
1	1	1	1
3	3	2	3
1	1	0	1
2	1	1	2
1	2	2	1
1	1	1	1
1	1	1	1
1	1	1	0
1	1	1	1
1	1	1	1
1	2	1	1
1	1	1	1
2	1	1	2
1	1	1	1
1	4	1	1
1	1	0	0
1	1	1	1
1	2	2	2
0	1	1	0
1	1	1	1
1	1	1	1
1	3	0	2
2	2	1	1
0	1	1	0
1	1	1	1
1	1	1	1
1	1	1	1
1	1	1	1
2	2	1	2
1	1	1	1
1	2	1	1
2	1	1	2
1	1	1	1
3	1	1	2
2	1	1	3
1	1	1	1
3	2	2	3
1	1	0	1
1	1	1	1
1	1	1	1
1	1	1	1
1	1	1	1
2	2	2	2
1	1	1	1
4	4	5	4
2	2	1	2
2	2	1	2
1	2	2	1
2	1	1	3
0	1	2	0
1	1	1	1
1	1	1	1
0	1	1	0
3	1	1	3
1	1	1	1
1	1	1	1
1	1	1	1
1	1	1	1
2	2	2	2
1	1	1	1
1	2	2	1
1	1	1	1
1	1	1	1
2	11	0	1
1	1	1	1
1	1	1	1
1	1	1	1
1	2	2	1
1	1	1	1
1	1	1	1
1	1	1	1
2	2	1	2
1	1	1	1
1	1	0	1
2	1	1	1
1	1	1	1
2	1	1	2
2	1	1	1
1	1	0	1
1	1	1	1
1	2	1	1
1	1	1	1
0	1	1	0
3	1	1	3
1	2	1	1
1	4	0	2
1	2	2	2
2	1	1	2
1	1	2	3
0	1	1	0
1	1	0	1
1	1	0	1
2	3	2	5
1	1	1	1
1	1	0	1
1	1	1	1
1	1	1	1
1	1	1	1
2	1	1	1
1	1	1	2
1	1	1	1
2	2	1	2
4	4	2	9
0	1	1	0
2	1	1	1
1	1	0	1
2	1	1	2
1	2	2	1
2	2	1	3
2	2	1	2
1	1	1	1
1	1	0	0
3	2	1	3
4	2	2	4
1	3	2	1
1	1	1	1
1	1	1	1
1	1	1	1
1	1	1	1
1	1	1	1
1	1	1	1
1	1	1	1
1	1	1	1
1	1	1	1
1	1	0	1
1	1	1	1
2	2	2	2
1	1	1	1
4	2	2	2
1	1	1	1
1	1	0	1
1	1	1	1
0	1	12	0
1	1	0	1
1	1	1	1
2	3	2	2
1	1	1	1
1	1	1	1
2	1	0	2
1	5	1	4
1	1	0	1
1	1	0	1
1	1	1	1
1	1	1	1
0	1	1	0
1	1	1	1
1	1	0	1
0	2	0	7
0	1	1	0
1	1	1	1
1	1	1	1
3	2	2	2
1	1	2	1
2	1	1	2
5	5	4	5
1	1	1	1
1	1	1	1
1	1	1	1
1	1	1	1
0	1	1	0
0	1	1	0
1	1	1	1
1	2	1	1
2	1	4	2
1	1	1	1
1	1	1	1
1	1	1	1
1	3	2	1
0	1	0	1
2	2	2	2
1	2	2	1
2	1	1	1
1	1	1	1
1	1	1	1
1	1	1	1
1	1	1	1
1	1	1	1
0	1	1	0
1	1	1	1
1	1	1	2
1	1	1	2
2	1	1	2
1	1	1	1
2	1	1	2
1	1	1	1
1	1	1	1
3	4	2	2
0	1	1	0
0	1	1	0
0	1	1	0
1	1	0	1
1	1	1	2
1	1	1	1
1	1	1	2
1	1	1	1
1	1	0	1
3	2	2	3
2	1	1	2
1	1	1	1
1	2	2	1
0	1	1	1
1	1	0	2
0	2	2	1
4	3	5	4
2	2	2	2
1	1	1	1
1	1	1	1
1	1	1	1
1	1	1	1
1	1	1	1
1	1	1	1
1	1	1	1
5	2	3	5
1	1	1	1
2	1	0	1
1	1	1	1
1	1	1	1
1	1	1	1
1	1	1	1
1	1	1	1
0	1	0	1
1	1	0	1
0	5	1	0
1	1	1	1
2	1	1	2
1	1	1	1
1	1	0	1
1	2	1	2
1	1	1	1
0	1	1	0
1	1	1	1
2	2	1	1
1	1	0	1
1	1	0	1
1	1	1	1
0	1	1	0
3	2	2	3
1	4	1	1
1	1	2	1
1	1	13	1
1	1	1	1
1	2	1	1
1	2	1	1
2	1	0	2
1	1	1	1
1	1	1	1
1	1	1	1
4	5	3	5
1	1	1	1
1	1	1	1
0	1	1	0
1	2	1	1
1	1	1	1
1	1	1	1
1	4	1	0
1	1	1	1
4	3	3	1
14	15	5	17
1	1	1	1
1	1	0	2
1	1	0	1
0	1	2	0
1	1	2	1
1	1	1	1
1	3	2	1
3	3	1	7
1	2	1	1
1	1	1	1
1	1	0	0
2	1	1	2
1	1	1	1
1	1	1	1
2	1	1	2
1	1	1	1
1	1	1	1
2	2	1	2
0	1	1	0
1	1	1	1
1	1	1	1
1	1	3	1
1	1	0	0
1	1	0	1
1	1	1	1
1	1	1	1
5	3	4	5
2	2	1	2
2	1	0	2
1	1	1	1
1	1	2	1
2	1	0	2
1	1	1	1
1	1	3	1
1	1	1	1
1	1	0	1
2	1	2	2
0	1	1	0
1	1	0	1
2	1	1	1
0	1	2	0
1	1	1	1
1	1	1	1
1	1	1	1
1	1	1	1
1	1	1	1
1	1	0	1
1	2	2	2
1	2	1	1
1	1	0	1
2	2	0	1
1	1	1	1
1	1	1	1
1	1	1	1
0	1	1	0
1	1	1	1
1	1	1	1
0	1	1	0
1	1	1	1
5	2	1	4
1	1	1	1
1	1	1	1
2	1	1	2
2	1	1	2
1	2	1	1
1	1	1	1
3	2	2	3
0	2	0	1
1	1	1	1
1	1	1	1
1	1	1	1
3	2	1	4
1	1	2	2
1	1	1	1
2	2	2	2
2	3	1	2
1	1	1	1
1	1	1	1
1	1	1	1
1	1	1	1
1	1	1	1
1	1	1	2
1	1	1	1
3	2	1	3
2	1	1	1
0	1	1	0
1	1	1	1
4	4	3	4
1	1	1	1
2	1	1	1
0	1	1	0
0	1	0	1
1	1	2	1
0	1	1	0
1	1	1	1
2	2	0	2
2	1	1	2
5	2	2	5
1	1	1	1
8	1	1	1
1	1	1	1
1	1	1	1
1	1	1	1
1	1	1	1
1	1	1	1
1	1	1	1
2	1	1	1
1	1	1	1
0	1	1	0
1	2	1	4
1	2	3	2
0	1	1	0
0	1	1	0
1	1	1	1
2	1	1	1
3	1	1	2
1	1	1	1
1	2	2	1
2	2	1	2
1	1	1	1
1	1	0	1
1	1	1	1
1	2	1	1
2	1	2	2
1	1	1	1
1	1	1	1
1	1	1	1
1	1	1	1
2	1	0	1
2	2	1	2
0	1	1	0
1	1	1	1
1	1	2	1
1	1	1	1
1	1	1	1
0	1	1	0
2	1	1	3
2	1	1	3
1	1	1	1
1	1	1	0
4	3	3	4
1	1	0	1
1	1	0	1
2	1	1	2
1	1	1	2
1	2	1	1
3	1	2	3
2	1	1	2
1	1	1	1
1	1	1	1
1	1	0	1
1	1	1	1
1	1	1	1
1	1	1	1
2	2	0	1
1	1	1	1
1	1	1	1
1	2	2	1
1	1	1	1
0	1	1	0
0	1	1	0
1	1	1	1
1	1	0	1
1	1	2	1
0	1	1	0
0	1	0	2
1	1	2	2
2	2	1	2
1	1	2	1
1	1	1	1
1	2	1	1
1	1	1	1
0	1	1	0
0	6	0	4
0	1	1	0
1	1	1	1
1	1	1	0
1	1	1	1
1	1	1	1
1	1	1	1
2	1	1	1
1	1	1	1
1	1	1	1
1	3	2	2
1	1	0	1
1	2	2	4
2	2	1	2
1	1	1	1
3	2	2	2
0	1	1	0
1	1	1	1
2	3	3	2
1	1	1	1
1	1	1	1
1	1	1	2
1	1	1	1
2	1	0	1
2	1	1	2
1	2	2	1
1	1	1	1
4	6	4	4
1	1	1	2
1	1	1	1
4	2	2	3
1	1	1	1
1	2	1	1
1	1	2	1
2	4	2	3
1	1	1	1
2	1	1	2
2	1	1	2
1	1	1	1
1	1	1	1
2	3	2	2
2	1	1	1
1	1	1	1
1	1	3	1
1	1	1	1
1	1	1	1
1	1	1	1
3	1	4	3
0	1	1	0
1	1	1	1
2	2	2	2
2	1	1	2
3	2	3	2
1	1	1	1
1	1	1	1
1	1	0	1
1	1	1	1
1	2	1	1
1	1	1	0
1	1	1	1
1	2	2	1
18	10	2	24
1	1	1	1
1	1	1	1
10	7	3	10
1	1	1	2
0	1	3	0
1	1	1	1
1	1	2	1
0	1	1	1
1	1	1	1
1	1	1	0
1	2	1	1
1	1	1	1
0	1	0	1
1	1	0	1
1	1	1	1
2	1	1	2
1	2	0	1
3	2	3	2
1	1	1	1
1	1	1	1
2	1	1	2
1	1	1	1
1	1	1	1
2	2	1	2
1	1	1	1
2	2	1	1
1	1	1	1
1	1	0	1
1	1	1	1
1	2	1	1
1	1	1	2
1	4	0	2
1	1	1	1
1	1	1	1
1	1	1	1
2	1	1	2
1	1	1	1
2	2	1	3
1	1	1	1
2	2	1	2
1	1	1	1
2	1	1	2
1	1	1	1
1	1	1	1
2	1	1	1
1	1	0	1
1	1	1	1
2	2	1	2
2	1	1	1
1	1	2	1
3	2	1	3
0	1	1	0
2	1	1	2
1	1	1	1
1	1	1	1
3	1	1	2
6	6	3	8
1	1	1	1
2	1	1	2
1	1	1	1
1	1	1	1
1	1	1	1
0	11	1	1
1	1	1	1
2	3	2	2
1	1	1	1
2	2	2	3
1	1	1	1
1	1	1	1
1	1	1	1
2	1	1	2
2	1	1	2
2	1	1	4
2	2	1	2
3	1	1	2
1	1	1	1
0	1	1	0
1	1	1	1
1	1	1	1
2	1	2	2
1	1	1	1
1	1	1	1
1	1	1	1
1	1	1	1
1	1	1	1
3	5	3	3
3	2	2	4
1	1	0	1
1	1	1	1
1	1	1	1
1	1	1	1
1	1	1	1
1	1	1	1
1	1	1	1
0	1	1	2
1	1	0	1
1	1	1	1
1	1	1	1
3	5	3	3
1	2	1	1
1	1	1	1
1	1	2	1
1	1	1	1
0	1	1	0
1	1	0	1
0	1	1	1
1	1	1	1
1	1	1	1
1	1	1	1
1	1	1	2
0	1	1	0
1	1	1	2
4	2	2	3
1	1	1	2
2	1	1	2
1	1	1	1
0	1	1	0
2	2	1	2
1	1	1	1
5	3	3	5
0	1	1	0
0	1	1	0
2	1	1	2
1	1	1	1
1	1	1	1
1	1	1	1
2	1	1	2
1	2	1	3
2	1	1	2
0	1	1	0
2	1	1	1
1	1	1	1
1	1	1	1
1	1	1	1
3	3	2	3
2	2	1	2
2	1	1	2
1	1	1	1
0	1	1	1
1	1	1	1
0	2	1	0
1	2	2	1
1	1	1	1
1	1	1	1
2	2	1	2
3	5	3	3
1	1	1	1
2	1	1	2
1	1	1	1
1	1	1	1
2	1	1	2
1	2	2	1
2	2	2	2
1	1	1	1
1	1	0	1
1	1	2	1
0	1	1	0
1	1	1	1
1	1	1	1
1	1	0	1
1	1	0	1
1	1	1	1
1	1	1	1
1	1	1	1
1	2	1	1
0	4	1	0
0	2	2	0
1	2	2	1
0	1	1	0
2	1	1	2
1	1	1	1
1	1	1	1
0	2	1	0
1	1	1	1
1	1	1	1
1	1	0	1
1	1	1	1
1	1	1	1
0	1	1	0
1	1	1	1
1	1	1	1
1	1	1	1
1	1	1	1
2	1	1	2
1	3	0	1
2	2	2	2
1	1	1	1
1	1	1	1
4	2	2	4
3	1	1	2
1	1	1	1
1	1	1	1
1	1	1	1
3	2	2	3
2	2	2	2
1	1	0	1
1	1	1	1
1	2	1	1
1	1	1	2
2	2	1	2
1	1	0	1
1	1	1	1
1	2	1	1
1	1	1	1
2	1	1	2
2	1	1	1
0	1	1	0
1	1	1	1
1	1	1	1
1	1	1	1
2	1	1	1
1	1	1	1
1	1	1	1
1	1	1	1
0	1	0	1
1	1	1	1
1	2	1	2
1	1	1	1
1	1	1	1
1	1	1	1
2	2	1	2
1	1	2	1
2	1	2	2
0	1	1	0
1	1	1	1
1	2	2	1
1	5	0	1
1	1	1	1
2	1	1	2
0	1	1	0
0	1	0	1
2	1	1	2
2	1	1	2
1	1	1	1
5	16	5	15
1	1	1	1
1	1	1	1
1	1	0	1
1	1	1	1
2	1	1	2
1	2	1	1
2	1	1	1
1	1	1	1
2	2	2	2
1	1	1	1
1	1	1	1
2	1	1	1
0	3	0	2
1	1	1	1
1	1	1	1
1	1	1	1
1	1	1	1
1	1	1	1
1	2	1	1
1	1	1	1
1	1	1	1
0	1	1	0
1	1	1	1
0	1	1	0
1	1	1	1
1	1	1	1
1	1	1	1
1	1	1	1
1	1	1	1
2	2	1	2
1	1	1	1
0	1	1	0
1	1	1	1
1	1	1	1
4	3	2	3
1	1	1	1
1	1	1	1
1	1	1	1
1	1	1	1
1	1	0	1
0	1	1	0
1	1	1	1
1	1	1	1
1	1	1	1
1	1	1	1
2	1	1	1
1	1	1	1
1	1	1	1
0	1	1	1
1	2	1	1
1	1	1	1
1	1	1	1
1	1	1	1
0	1	1	0
1	1	1	1
2	1	1	2
1	1	1	1
1	1	1	1
1	1	1	1
1	2	1	1
1	1	1	1
1	1	1	1
2	2	2	2
2	2	1	2
3	2	3	3
2	2	1	2
1	1	1	1
1	1	1	1
1	1	1	1
2	1	1	2
1	1	1	1
1	1	1	1
3	3	3	4
1	1	1	1
1	1	0	1
1	1	1	1
1	1	1	1
1	1	1	1
1	1	1	1
1	1	1	1
1	1	1	1
1	1	0	2
1	1	1	1
1	1	1	1
1	1	1	1
1	1	1	1
2	1	1	2
1	1	1	1
2	1	1	2
0	1	1	0
2	2	1	2
1	1	2	1
1	1	1	1
1	1	1	1
1	1	1	1
1	1	0	1
1	1	0	1
0	1	1	0
1	1	1	1
1	1	0	1
1	1	1	1
1	1	0	1
1	1	1	1
1	1	1	1
1	1	1	1
1	1	1	1
2	2	1	3
1	1	1	1
1	2	1	1
1	1	0	0
0	1	1	0
1	1	1	1
1	1	2	1
1	1	1	1
0	1	1	0
1	1	1	1
1	2	1	1
1	1	2	1
1	1	1	1
1	1	1	1
4	4	3	4
0	1	1	0
3	3	4	4
1	1	1	1
1	1	0	1
1	1	1	1
1	2	1	1
1	1	1	1
4	2	1	4
1	1	1	1
1	1	1	1
2	1	1	1
2	1	0	2
2	2	3	1
0	1	1	0
1	1	1	1
7	4	6	8
2	2	3	2
2	1	1	2
1	1	2	1
1	1	1	1
2	2	2	2
2	1	0	2
1	1	0	0
1	1	1	1
1	1	1	1
1	1	1	1
1	1	0	1
2	1	2	2
1	1	1	1
2	1	2	2
1	2	1	1
1	1	2	1
0	1	1	1
1	1	1	1
0	1	1	1
1	2	1	1
0	3	1	0
2	1	1	2
1	1	1	1
1	1	1	1
1	1	1	1
1	1	0	1
1	1	1	1
3	9	2	1
1	1	1	1
1	1	1	1
1	1	1	1
1	1	1	1
1	1	1	1
1	1	1	1
2	2	2	2
0	1	1	0
1	1	1	1
2	2	1	2
1	2	1	1
0	1	1	0
1	1	1	1
1	1	0	1
9	2	1	18
1	1	1	2
1	1	1	1
1	2	1	1
1	1	1	2
1	1	1	1
0	1	1	0
2	2	2	2
1	1	1	1
0	3	5	0
1	1	1	1
0	4	3	1
2	1	1	1
4	6	4	4
0	1	1	1
1	2	1	3
2	1	1	3
1	1	1	1
1	2	2	1
1	1	0	1
1	1	1	1
1	1	1	1
0	1	1	0
1	1	1	1
2	1	1	1
1	1	0	1
5	1	3	0
1	1	2	1
0	1	1	0
1	1	1	1
1	1	1	1
2	3	2	2
0	1	1	0
1	1	1	1
1	1	0	1
1	1	1	1
1	1	1	1
2	1	1	2
1	1	1	1
0	2	1	0
1	11	0	0
1	1	0	1
1	1	1	1
1	1	1	1
2	1	1	2
2	1	1	2
4	2	2	4
1	1	1	1
1	1	1	1
1	1	1	1
0	1	1	0
1	2	1	1
2	1	1	2
1	1	1	1
1	1	0	1
2	1	1	2
1	1	1	1
1	1	1	1
1	1	1	1
1	1	1	1
3	1	1	2
1	2	1	1
0	1	1	0
2	1	1	2
1	1	1	1
1	1	1	1
1	1	1	1
1	1	1	1
1	1	1	1
0	2	2	0
0	1	1	0
1	1	1	2
0	1	1	0
2	1	1	2
1	1	1	1
1	1	1	1
1	1	1	1
1	1	1	1
1	1	0	1
2	2	2	2
1	1	1	1
0	1	1	0
0	1	1	0
2	1	0	1
2	1	1	2
1	1	1	1
1	1	0	1
1	1	0	2
1	1	0	1
2	2	1	2
2	2	1	2
1	1	1	1
1	1	0	2
1	1	0	1
1	4	2	1
0	1	1	0
2	1	1	2
1	1	1	2
1	1	0	1
2	1	1	2
4	2	2	4
1	1	1	1
1	1	1	1
1	1	1	1
2	1	1	2
0	39	0	1
1	1	1	1
0	2	1	0
1	1	1	1
1	1	1	1
1	1	1	1
2	1	0	2
1	1	1	1
1	1	0	1
2	1	0	2
1	1	1	1
0	1	1	2
1	1	1	2
2	1	1	2
2	1	1	2
1	1	1	1
2	1	1	2
1	1	1	1
1	1	1	1
3	4	4	4
1	1	1	1
1	1	1	1
2	3	1	2
1	1	1	1
2	2	2	2
1	1	1	1
3	3	1	3
2	2	1	2
5	3	1	5
2	3	1	4
1	1	1	1
1	1	0	1
4	3	3	4
3	1	1	2
1	1	1	1
1	1	3	1
2	1	1	2
4	2	1	3
1	1	1	1
1	1	0	1
0	1	1	0
3	1	1	2
3	1	1	2
2	6	1	3
2	1	1	2
4	2	2	4
2	2	1	2
1	2	1	1
0	1	1	0
1	1	1	1
1	1	1	1
1	2	1	1
1	1	1	1
1	1	1	1
1	1	1	1
2	1	1	2
2	1	1	2
0	1	1	0
2	1	1	1
1	1	1	1
3	1	1	3
1	1	0	1
1	3	1	1
1	1	1	1
1	1	1	1
0	1	1	0
1	1	1	1
1	1	1	1
1	1	1	1
1	1	1	1
0	1	1	1
1	2	1	1
1	1	0	2
1	1	1	1
1	1	1	1
1	1	1	1
1	1	1	1
2	1	1	2
1	1	1	1
0	1	1	0
1	1	1	1
1	1	1	1
1	1	1	1
1	1	1	2
1	1	1	1
1	1	1	1
2	1	1	2
1	1	1	1
1	1	1	1
3	3	3	3
1	1	1	1
1	1	1	2
1	1	1	1
1	2	1	2
0	1	1	0
1	1	1	1
1	1	1	1
0	1	1	0
2	1	1	2
1	1	0	1
1	1	1	1
0	1	1	0
1	2	1	2
1	1	1	1
2	1	1	2
1	1	1	1
3	3	2	3
1	1	1	1
13	29	10	17
4	4	4	4
3	2	2	3
1	1	1	1
1	1	0	1
1	1	1	1
1	1	1	1
1	1	1	2
2	1	1	3
1	1	1	1
1	1	1	1
1	1	1	1
1	1	1	1
1	1	1	1
0	1	1	0
1	1	2	0
1	1	2	1
1	1	1	1
2	2	1	2
2	2	1	2
1	1	1	1
1	1	0	1
1	1	1	1
0	1	1	0
2	28	0	4
1	1	1	1
1	2	1	1
1	1	1	1
1	2	1	1
1	1	1	1
1	1	0	1
0	1	0	2
2	5	0	2
2	1	1	3
1	1	1	1
1	1	0	1
0	1	1	0
1	1	1	1
1	1	1	1
1	1	1	1
1	1	0	1
2	2	1	2
1	1	1	1
4	3	3	3
1	1	0	1
1	1	1	1
1	1	1	1
1	1	1	1
1	1	1	1
2	1	1	2
1	1	1	1
1	1	1	1
1	1	1	1
1	1	1	1
1	1	1	1
1	1	1	1
2	1	1	2
1	2	2	1
0	1	1	0
1	2	0	1
1	1	0	1
0	1	1	0
1	1	1	1
1	2	1	1
2	1	1	2
1	1	1	2
1	1	1	1
1	1	1	1
1	1	1	1
1	1	1	1
1	1	1	1
1	1	1	1
1	1	1	1
2	2	2	2
1	1	1	1
2	2	1	2
4	2	2	4
2	2	1	2
1	1	1	1
1	2	2	1
1	1	1	1
1	1	1	1
1	1	0	2
0	1	1	0
2	1	1	2
1	1	1	1
1	1	1	1
1	1	1	1
1	1	1	2
0	10	3	0
0	1	1	0
1	2	2	2
1	1	0	1
2	1	1	2
1	1	1	1
1	1	1	1
1	1	1	1
1	1	1	1
1	1	1	1
2	1	1	2
3	2	2	3
1	1	1	1
2	2	1	1
1	1	2	1
1	1	1	1
1	1	1	1
1	1	0	1
1	1	1	1
1	1	1	1
2	1	1	1
3	2	1	2
3	5	3	4
0	1	1	0
1	1	1	1
1	1	1	1
2	3	3	3
1	1	1	1
1	2	1	1
1	1	0	1
1	1	1	1
1	1	1	1
0	1	1	0
1	1	1	1
3	1	4	2
1	1	1	1
1	1	1	1
1	1	1	1
1	1	1	1
1	1	1	1
1	1	1	1
1	1	0	1
1	1	1	1
2	2	2	2
1	1	1	1
0	1	1	0
1	1	1	1
1	1	1	1
0	1	1	0
2	1	1	2
1	1	1	1
1	1	0	1
2	2	2	2
1	1	0	1
0	1	1	0
2	1	0	4
1	4	4	1
0	1	0	1
1	1	1	1
2	1	0	2
1	1	1	1
2	1	1	3
2	1	1	4
1	2	2	1
0	1	1	0
1	1	0	1
0	1	1	1
2	1	1	2
1	1	1	1
0	1	1	0
2	2	2	2
1	1	0	1
0	1	1	0
2	2	0	2
1	1	2	1
1	2	2	1
2	1	1	3
2	1	2	1
1	1	2	3
1	1	1	2
1	1	1	1
1	1	1	1
1	1	0	1
0	1	1	0
1	1	1	1
2	1	1	2
1	1	1	1
1	1	0	1
1	1	1	1
2	1	3	2
1	1	1	1
1	1	1	1
0	1	1	0
1	2	1	1
2	1	1	2
1	1	1	1
0	1	1	0
0	1	1	0
1	1	1	1
1	1	1	1
1	1	1	1
2	1	1	2
1	2	1	1
2	1	1	2
1	1	1	1
1	1	0	1
2	1	1	1
0	1	1	0
1	1	1	1
1	1	1	1
1	1	1	1
1	1	1	1
1	1	1	1
1	1	1	1
3	2	1	2
1	1	0	1
1	1	1	1
1	1	1	2
1	1	1	1
1	1	1	1
1	1	1	1
1	1	0	1
0	1	1	0
2	1	1	2
1	1	1	1
1	1	1	1
2	1	1	2
0	3	25	0
0	1	1	0
3	1	2	3
1	1	1	1
1	1	1	1
1	1	0	1
1	2	1	1
1	1	1	1
2	1	1	2
1	1	1	1
0	1	0	1
2	1	2	2
1	1	1	1
0	1	1	0
1	1	2	1
1	1	1	1
1	1	1	1
1	1	1	1
0	1	1	0
2	2	1	2
2	1	1	2
1	3	1	1
1	2	1	1
1	2	1	1
1	1	1	1
1	1	1	1
1	1	1	1
1	1	1	1
2	2	2	3
2	1	1	1
1	1	1	1
2	1	1	1
1	1	0	1
1	1	0	1
1	1	1	1
4	3	2	3
1	1	1	2
0	1	1	0
1	1	1	1
2	1	1	2
1	1	1	1
1	1	1	1
1	1	1	1
1	2	1	1
1	1	1	6
2	1	1	2
1	1	1	1
1	2	1	1
1	1	1	2
2	1	1	2
1	1	0	1
3	1	1	2
1	1	1	1
2	2	2	2
1	2	1	1
2	3	3	2
1	1	1	1
3	2	0	3
1	1	1	1
1	1	1	1
2	1	1	1
1	1	1	1
1	1	1	1
1	2	1	1
2	1	1	2
1	1	1	1
1	1	1	1
1	1	1	1
1	1	1	1
1	1	2	1
2	1	1	2
1	1	1	1
1	2	2	2
1	1	1	1
2	1	1	2
3	4	1	3
1	1	0	1
2	2	2	2
2	2	1	2
1	1	1	1
1	1	1	1
3	3	3	3
1	1	1	1
1	2	1	1
1	1	1	1
1	1	1	1
2	1	1	1
1	1	1	1
1	1	1	1
1	1	2	1
1	1	1	1
1	2	0	1
1	1	2	1
1	1	1	1
3	1	0	3
1	1	1	1
2	2	1	2
1	2	2	2
1	1	1	1
1	1	2	1
2	4	1	0
1	1	1	1
1	1	1	1
1	2	1	2
1	1	1	1
1	1	2	1
1	1	1	1
2	1	1	2
1	4	0	2
1	1	0	0
1	1	1	1
2	3	1	2
1	1	1	1
0	1	1	0
1	1	1	1
1	3	1	1
0	1	1	0
1	1	1	1
1	1	1	1
1	1	1	1
2	3	1	2
1	1	0	1
4	2	2	3
1	1	0	1
1	1	1	1
1	1	1	1
1	1	1	1
1	2	1	1
1	1	1	1
0	1	1	1
2	2	2	2
1	1	1	1
1	1	1	1
1	1	1	1
1	1	1	1
1	1	1	1
1	2	1	1
1	1	3	1
1	1	1	1
2	1	1	1
0	1	1	0
2	2	2	2
2	1	1	10
1	1	0	1
2	1	1	1
1	1	0	1
1	1	1	1
1	1	0	1
1	1	0	1
1	1	1	1
1	1	1	1
1	1	1	1
1	1	1	1
1	2	2	1
2	1	1	1
1	1	1	1
3	4	3	2
1	1	1	1
1	1	1	1
1	1	2	1
1	1	1	1
1	1	1	1
1	1	1	1
2	1	1	2
1	1	1	1
2	1	1	2
0	1	1	0
1	1	1	1
1	1	1	1
0	1	0	2
1	1	1	1
0	1	1	0
1	1	1	1
1	1	1	1
3	1	1	2
2	1	1	1
1	1	0	1
1	1	1	0
0	1	1	0
1	1	1	1
2	2	1	1
1	2	1	1
1	1	1	1
1	1	1	1
1	1	1	1
1	1	1	1
1	1	1	1
0	3	2	0
0	1	1	0
4	2	1	4
1	1	1	1
1	1	1	1
1	1	1	1
1	1	1	1
6	3	2	4
1	1	1	1
2	1	0	1
0	1	1	0
1	2	2	1
1	1	1	1
0	1	1	0
1	1	1	1
1	1	1	2
1	1	1	1
2	1	0	2
1	1	1	1
1	1	1	1
1	1	1	1
1	1	1	1
3	3	3	3
1	1	1	1
2	2	2	2
1	1	0	1
1	1	1	1
2	1	1	2
1	1	1	2
3	1	1	3
1	1	0	1
2	2	1	3
0	1	1	0
1	2	1	1
2	1	1	2
1	1	1	1
2	1	1	2
1	1	1	1
2	1	1	1
1	2	1	1
1	1	0	1
2	2	2	2
1	1	1	1
3	2	2	2
1	1	1	1
4	1	0	2
1	1	1	1
0	1	1	0
0	1	1	0
1	1	1	1
1	1	2	2
1	1	1	1
1	2	1	1
1	1	1	1
0	1	1	0
1	1	1	1
2	1	1	2
1	1	1	1
1	1	1	1
2	2	2	2
1	1	1	1
2	1	0	2
1	1	1	1
1	1	0	1
2	2	1	2
2	1	1	1
3	1	1	3
1	1	0	2
1	1	1	1
1	1	1	1
1	1	1	1
1	1	1	1
1	1	1	2
1	1	0	1
1	1	1	1
2	1	1	1
4	2	2	4
4	4	1	4
1	2	1	1
0	1	1	0
1	1	1	1
0	1	1	0
1	1	0	1
1	1	1	1
1	1	2	1
1	1	1	1
2	2	2	2
1	3	2	4
1	1	1	1
1	1	1	1
1	1	1	1
1	1	1	1
1	1	1	1
1	1	1	1
1	1	1	1
5	3	3	8
1	1	1	1
1	1	1	1
2	1	1	2
1	1	1	1
2	1	1	2
1	1	2	1
1	1	1	1
1	3	1	1
1	1	1	1
1	1	1	1
1	1	1	1
0	1	1	0
0	1	1	0
1	1	1	1
2	1	1	1
2	2	1	2
2	1	1	1
1	1	1	2
2	1	1	2
1	1	1	1
1	1	1	1
1	1	1	1
1	2	0	1
1	1	1	1
1	1	1	1
1	1	1	1
1	1	1	1
1	1	1	1
1	1	1	1
1	1	1	1
1	1	1	1
1	1	1	0
1	1	1	1
1	1	1	1
2	1	1	2
2	1	1	2
0	1	1	0
2	2	1	3
1	1	1	1
2	2	1	2
9	10	9	9
1	1	1	2
0	1	1	0
3	3	3	3
1	1	1	1
4	2	2	5
1	1	1	1
1	1	1	1
3	2	1	3
2	2	2	2
2	1	1	2
2	2	2	3
1	2	1	1
1	1	1	1
1	1	1	1
0	1	0	1
1	1	1	1
1	1	1	1
0	1	1	0
1	1	1	1
1	1	3	1
2	3	2	2
2	2	2	1
1	1	1	1
2	1	1	2
3	1	3	3
3	1	0	3
2	2	2	3
1	1	1	2
0	1	1	0
2	1	1	2
2	2	1	2
2	1	1	2
1	1	0	1
1	1	1	1
1	1	1	1
3	3	1	3
2	1	0	2
1	1	1	1
2	1	1	2
1	4	2	1
1	1	0	1
1	2	1	1
3	3	2	3
1	1	1	1
1	1	1	1
1	1	1	1
1	1	1	1
0	1	1	0
2	3	2	2
1	1	1	1
1	1	1	1
1	2	2	1
1	1	1	1
1	1	1	1
0	1	1	0
1	1	1	1
1	1	1	1
1	1	1	1
1	2	1	2
1	1	2	1
2	1	1	2
1	2	2	4
2	1	0	2
4	2	2	8
2	1	1	1
0	1	1	0
1	1	1	1
1	1	2	1
0	1	1	0
1	2	1	1
5	18	5	5
1	1	1	1
1	1	1	1
2	2	1	2
1	1	1	1
2	1	1	1
1	1	2	1
1	1	1	1
1	1	0	1
2	1	1	2
1	1	1	2
1	2	2	1
1	1	1	1
2	3	2	5
3	2	2	2
2	1	1	2
1	2	0	1
2	1	1	1
1	1	1	1
1	1	1	1
1	1	1	1
1	1	1	1
1	1	1	1
1	1	1	1
1	1	1	1
1	1	1	1
3	1	1	2
1	1	1	1
1	1	1	1
1	2	1	1
1	1	1	1
1	1	1	1
1	1	1	1
1	1	1	1
1	2	1	1
0	1	1	0
1	1	1	1
2	1	1	2
1	1	1	1
1	1	2	1
1	1	1	1
1	1	1	1
1	1	1	1
2	3	1	1
0	1	7	0
2	1	1	2
2	1	1	2
4	2	2	4
2	1	1	1
1	1	1	1
1	1	1	1
1	1	1	1
1	1	1	1
0	1	1	0
2	3	2	3
1	1	1	1
1	1	1	1
2	1	1	2
1	1	1	1
2	2	1	2
3	1	1	3
1	1	1	1
2	1	1	1
4	5	4	4
2	1	1	2
1	1	1	1
0	1	1	0
2	2	2	2
1	1	1	1
0	1	1	2
1	1	1	1
2	1	1	1
0	1	1	0
2	1	1	2
0	1	1	0
4	3	2	5
2	1	1	2
1	1	1	1
1	1	3	1
1	1	1	1
1	1	1	1
3	2	1	2
1	1	0	1
1	1	1	1
1	1	1	1
1	1	1	1
1	1	1	0
1	1	1	1
2	3	1	3
0	2	1	0
1	1	1	1
1	2	1	1
1	1	1	1
0	1	1	0
1	1	1	1
1	1	1	1
1	1	1	1
1	1	2	1
1	1	1	1
2	1	1	1
0	1	1	0
2	1	2	2
1	2	1	1
2	1	1	2
1	1	1	1
2	1	1	1
2	2	1	3
2	2	2	1
1	1	1	1
2	2	1	2
1	1	1	0
3	1	1	3
1	1	1	1
1	1	1	1
2	2	2	2
1	1	2	1
1	1	1	3
1	1	0	1
0	1	1	0
1	1	1	1
2	2	1	2
1	1	1	1
0	1	1	0
1	2	0	1
1	1	1	1
1	1	1	2
2	1	0	2
1	1	1	1
1	1	2	1
1	1	1	1
1	1	1	1
1	1	1	3
1	1	1	1
1	2	1	0
1	1	1	1
1	1	1	1
1	1	1	1
1	2	1	1
0	5	1	0
1	1	1	1
1	1	1	1
2	2	1	2
2	2	1	2
0	1	2	0
1	2	2	1
1	1	1	1
3	3	3	3
1	1	1	1
3	2	2	2
2	2	4	1
1	1	1	1
1	1	1	1
1	2	1	1
2	2	1	1
1	1	1	1
1	1	1	1
1	2	2	2
1	1	1	1
1	1	1	1
1	1	1	1
1	1	1	1
1	1	1	1
1	1	1	1
1	1	1	1
0	3	1	2
0	1	1	0
1	1	1	1
2	1	1	2
1	1	1	1
1	1	1	1
1	1	1	1
2	1	1	1
1	1	2	1
3	1	2	4
1	2	1	2
0	1	1	0
1	1	1	1
1	1	0	2
1	1	1	1
1	1	1	1
2	1	0	1
2	1	1	2
0	68	2	2
1	1	1	2
0	1	1	1
1	1	1	1
2	1	1	2
1	1	1	1
1	1	1	1
3	2	1	3
1	4	1	1
1	1	1	1
1	1	1	1
2	1	1	2
4	3	2	4
1	7	1	1
2	1	1	2
1	1	1	2
3	1	0	3
1	1	1	1
1	1	0	1
1	1	1	1
1	1	1	1
1	1	1	1
0	1	1	0
2	1	0	1
0	1	1	0
1	1	0	1
0	1	1	0
0	1	1	0
1	1	1	1
1	1	0	0
1	1	1	1
1	1	1	1
1	1	1	1
2	1	0	2
1	1	2	1
1	1	1	1
1	1	0	1
0	1	1	0
1	1	1	1
0	1	1	0
1	1	1	1
0	1	1	0
0	1	1	0
1	2	2	1
0	1	1	0
1	1	1	1
1	1	1	1
1	1	1	1
0	1	1	0
3	2	2	3
2	2	2	2
2	2	1	2
1	1	1	1
1	1	0	1
1	1	1	0
1	1	1	2
1	1	1	1
3	2	1	2
1	1	1	1
0	1	1	0
13	25	11	15
1	1	1	1
1	2	1	2
1	1	1	1
1	1	0	1
1	1	1	1
1	2	1	1
1	1	1	1
2	3	2	3
1	1	1	1
1	1	1	1
1	1	0	1
2	1	1	3
1	1	0	1
1	1	1	2
3	2	2	3
1	2	1	1
1	1	1	1
0	1	1	0
1	1	0	1
2	2	2	3
2	4	3	3
1	1	2	1
1	1	0	1
1	1	1	1
1	1	1	1
0	1	1	0
2	2	1	2
1	1	1	1
1	1	0	1
1	1	1	1
1	1	1	1
5	4	1	5
1	1	1	1
3	1	1	3
2	2	1	2
1	2	1	1
1	2	2	1
1	1	1	1
1	1	1	1
1	1	1	1
1	1	1	1
1	1	1	1
1	1	1	1
1	1	1	1
1	1	2	1
1	1	1	1
1	1	1	1
0	1	1	0
0	1	1	0
1	1	1	1
1	1	1	1
1	1	1	1
1	1	1	1
1	1	1	1
1	1	1	1
1	1	1	1
0	17	2	1
3	2	3	4
0	3	2	0
0	1	1	0
1	1	1	1
2	1	1	2
0	1	1	0
0	1	1	0
2	2	2	2
1	1	1	1
2	4	2	1
1	1	1	1
1	1	2	1
1	1	0	1
6	5	5	7
1	1	1	1
1	2	0	1
0	1	1	0
1	1	1	1
1	1	1	1
1	1	1	1
0	1	1	0
3	1	1	2
0	1	0	2
1	1	1	1
1	1	1	1
1	1	1	1
1	1	1	2
2	1	1	2
2	1	2	2
1	1	1	1
1	1	1	1
1	1	0	1
3	2	1	3
1	1	1	2
1	1	1	1
0	2	1	0
1	1	1	1
3	3	2	3
1	1	0	1
2	3	3	2
2	2	2	2
2	1	2	2
1	1	1	1
1	1	1	1
1	1	0	1
6	4	3	6
3	1	1	3
1	1	1	1
1	1	1	1
1	1	1	1
1	1	0	1
2	1	2	2
1	1	1	1
0	1	0	1
1	1	1	1
1	1	0	1
1	1	1	1
1	1	1	1
1	1	1	1
1	1	1	1
1	1	1	2
2	1	1	2
0	5	1	1
1	1	1	1
1	1	1	1
2	1	1	1
0	1	1	0
1	1	0	1
1	1	0	1
1	1	1	1
2	4	0	0
1	1	1	1
2	1	1	2
1	1	1	1
2	2	2	2
7	8	1	9
1	1	1	1
1	1	1	1
0	1	1	0
1	2	2	1
1	1	1	1
1	1	1	1
2	1	1	1
2	3	2	2
1	1	0	1
1	1	1	1
1	1	1	1
0	1	1	0
1	1	1	1
2	1	1	2
0	1	1	0
0	1	1	1
1	1	1	2
0	1	1	1
2	1	1	2
1	2	2	2
1	1	1	1
1	1	1	1
0	2	2	0
1	1	1	1
1	1	1	1
0	1	1	0
1	1	1	1
1	1	1	1
1	1	1	2
0	1	1	0
1	1	1	1
1	1	1	1
1	1	1	2
1	1	1	1
0	2	1	0
1	1	1	1
2	1	1	1
2	2	1	2
1	1	1	1
2	1	3	2
1	1	0	1
1	1	1	1
5	5	3	5
5	5	4	6
2	1	1	2
1	1	1	1
1	2	2	1
0	1	1	0
2	1	1	2
0	1	1	0
2	2	2	2
1	1	1	1
1	1	1	1
1	1	1	2
1	1	0	1
0	2	1	0
1	1	1	1
0	1	1	0
1	1	1	1
1	1	1	1
2	1	2	3
1	2	2	2
1	1	1	1
1	1	1	1
1	1	1	1
1	1	0	1
1	1	1	1
1	5	0	3
1	1	1	1
2	1	1	2
1	1	1	1
1	1	1	1
2	3	1	2
2	1	1	2
1	1	1	1
1	1	1	1
2	1	1	1
1	1	0	1
1	1	0	1
1	1	1	1
2	1	1	1
2	2	1	2
1	1	1	1
2	1	1	2
1	1	0	1
2	1	1	2
2	1	1	3
1	1	1	1
1	1	1	1
2	1	1	1
1	1	1	1
1	1	1	2
0	1	1	0
1	1	1	1
2	2	1	2
1	1	1	2
1	1	1	1
1	1	1	1
1	1	1	1
1	1	1	1
0	6	1	1
2	2	3	3
1	1	1	1
1	1	1	1
2	1	1	1
1	1	1	1
2	2	1	2
1	1	3	1
2	1	1	2
2	1	1	1
1	1	1	1
1	1	1	1
1	1	1	1
1	1	1	1
3	1	1	3
1	1	1	1
1	1	1	1
4	3	2	4
1	1	1	1
3	2	2	3
2	1	1	1
1	1	1	1
2	1	1	2
1	1	1	1
2	1	1	2
1	1	1	1
1	3	1	1
2	1	1	1
2	2	1	2
2	1	1	2
1	1	1	1
4	3	0	8
1	2	1	2
2	1	1	2
0	1	1	1
1	1	1	1
1	1	1	2
1	1	1	1
2	2	1	1
1	1	1	1
1	1	0	1
1	1	1	1
1	1	1	1
1	1	1	1
2	1	1	2
1	1	0	1
2	2	2	2
1	1	1	1
1	1	1	1
1	1	1	1
3	4	3	4
1	1	1	1
1	1	0	1
1	1	1	1
3	3	2	3
1	1	1	1
2	1	2	1
1	1	1	1
1	1	1	1
3	1	1	3
1	2	1	1
1	1	1	1
1	1	2	1
1	1	1	1
1	1	1	1
1	1	1	1
2	3	2	2
4	3	1	4
1	2	2	1
1	2	1	1
1	1	1	1
1	1	2	1
1	1	0	1
0	2	2	0
1	1	1	1
0	1	1	0
1	1	1	1
1	1	1	1
2	2	2	2
1	1	1	1
1	1	1	1
2	1	0	2
3	2	2	3
1	1	0	2
1	1	1	1
2	1	2	1
1	5	0	1
0	3	1	1
1	1	1	1
1	1	1	1
0	1	1	0
1	1	1	1
1	1	0	1
2	1	0	2
3	2	1	4
1	1	1	2
15	2	1	13
1	1	1	1
1	2	1	2
1	1	1	1
3	1	1	4
0	1	1	0
1	1	1	1
2	1	1	1
1	1	0	1
2	1	1	2
1	1	1	2
1	1	1	1
1	2	0	1
1	1	2	1
1	1	1	2
1	1	1	1
1	1	1	2
1	1	0	1
1	1	0	1
0	1	1	0
1	1	1	1
1	1	2	2
1	1	1	1
2	1	1	1
1	1	1	1
1	1	1	1
1	1	1	1
2	2	2	2
1	1	1	1
1	2	0	1
1	1	0	1
1	2	1	1
1	1	0	1
0	1	1	0
1	1	1	1
1	2	1	1
2	1	1	2
1	1	1	1
1	1	1	1
1	1	1	1
0	1	1	0
1	1	1	1
1	1	1	1
1	1	1	1
2	1	0	2
1	1	0	1
1	1	1	1
0	2	1	0
1	1	1	0
1	1	1	1
0	1	74	0
1	1	1	1
1	1	0	4
2	1	1	2
1	1	1	1
1	2	2	1
1	1	1	1
1	1	1	1
1	1	1	1
14	10	8	16
1	1	1	1
2	2	2	1
2	1	1	1
2	1	1	2
1	1	1	1
3	2	1	2
1	1	3	2
2	2	2	2
1	1	2	1
1	2	2	1
2	1	1	2
2	1	1	2
1	1	0	1
0	1	1	0
1	3	2	1
1	1	1	1
0	1	1	0
1	2	1	1
2	1	1	2
2	3	3	3
1	1	1	1
0	1	0	1
3	2	2	2
1	1	1	1
2	1	1	2
5	4	2	5
2	3	2	3
1	1	1	1
1	1	1	1
1	1	1	1
0	1	1	0
1	1	0	1
0	1	0	1
2	1	1	2
1	1	1	1
0	1	1	0
1	1	1	2
1	1	1	1
1	1	1	1
1	1	1	1
1	2	2	1
1	2	2	1
1	1	1	1
3	2	2	3
1	2	0	1
0	1	1	0
2	1	1	1
1	1	0	1
1	1	1	1
2	1	1	2
1	1	1	1
0	2	1	0
1	1	1	1
1	1	1	1
1	1	1	1
7	9	7	8
2	1	1	1
1	1	1	1
2	1	1	2
0	1	1	1
2	1	1	2
1	1	1	1
1	1	0	1
1	1	1	1
2	2	0	3
1	1	0	1
1	1	1	1
2	2	2	2
1	1	0	1
2	2	2	2
1	1	1	1
1	1	1	1
2	1	1	1
3	1	1	2
1	1	1	1
1	1	1	2
1	1	2	2
1	1	2	1
0	1	1	0
1	1	2	1
1	2	1	1
3	1	1	1
1	1	1	1
1	1	1	1
1	1	2	2
1	1	1	1
1	1	1	1
1	1	1	1
5	3	3	6
2	1	1	2
3	1	2	2
1	1	1	1
1	1	0	1
1	1	1	1
1	1	1	1
2	1	1	2
3	2	2	3
1	1	1	1
1	1	0	1
4	12	6	11
1	1	1	1
0	1	1	0
1	1	1	1
1	3	1	1
1	1	1	1
0	1	1	0
4	2	3	5
0	1	1	0
1	1	1	1
1	1	1	1
1	1	1	1
1	2	1	1
0	1	1	0
1	1	1	1
2	1	1	1
1	1	1	1
1	1	1	1
1	1	0	1
1	1	1	1
1	1	1	1
1	1	1	1
2	2	2	2
1	1	1	1
1	1	1	1
1	1	1	1
2	2	2	2
2	3	1	1
1	1	1	1
0	1	1	1
1	1	1	1
3	2	1	3
1	2	0	1
1	1	2	1
1	1	1	1
1	1	0	1
1	1	0	1
1	1	1	1
2	2	1	2
2	1	1	0
1	1	1	1
2	1	1	2
1	1	1	1
1	1	1	1
2	2	2	2
1	1	1	1
1	1	1	1
1	1	1	1
1	1	1	1
1	1	1	1
3	2	1	3
1	1	1	1
1	1	1	1
1	1	1	1
1	1	1	1
1	1	1	1
1	1	1	1
1	1	1	3
1	1	2	1
1	1	2	1
1	2	1	1
1	1	1	1
0	1	1	0
2	1	1	1
1	1	1	1
1	1	1	1
4	3	3	5
2	2	1	2
1	1	1	1
1	1	1	1
1	1	1	1
0	1	0	3
2	1	1	2
1	1	1	1
0	1	1	1
1	1	1	1
1	1	1	1
0	1	0	1
1	1	1	1
0	1	1	0
1	1	1	1
1	1	1	2
1	1	1	1
1	1	1	1
1	1	1	1
1	1	1	1
0	1	1	0
1	1	1	1
2	2	2	2
1	1	2	1
1	2	1	1
2	1	1	1
0	21	2	0
1	1	1	1
1	1	1	1
2	2	1	2
1	1	2	1
1	2	1	1
1	1	1	1
2	1	1	2
1	1	1	1
0	1	1	1
1	1	1	1
1	1	1	1
1	2	2	1
2	2	1	1
1	1	2	1
1	1	1	1
1	1	0	1
1	1	1	1
1	1	1	1
0	2	1	0
1	1	1	1
1	1	0	1
2	1	0	1
1	1	1	2
2	1	1	2
1	1	1	1
0	1	1	0
1	1	1	1
2	2	2	1
2	1	0	2
1	1	1	1
1	1	1	1
2	1	1	1
1	1	1	1
1	1	1	1
2	1	1	2
1	1	1	1
0	1	0	1
1	1	1	1
3	1	1	3
1	1	1	1
2	3	1	2
1	1	0	1
1	1	0	1
2	2	2	1
1	1	1	1
2	1	1	1
1	2	2	1
1	1	1	1
2	2	2	2
2	1	1	3
1	2	0	1
1	1	1	1
1	1	0	1
1	1	1	1
1	1	2	1
1	1	0	1
1	1	2	1
1	1	1	1
1	1	0	1
1	1	1	1
1	1	1	1
1	2	1	1
0	1	1	0
3	1	3	3
0	1	1	0
1	1	1	1
3	2	1	4
3	2	1	3
1	2	0	0
1	1	1	1
1	1	1	1
2	1	1	2
0	13	1	0
2	1	1	1
2	1	1	1
1	1	1	1
2	1	1	2
3	3	2	3
2	1	1	1
2	1	1	2
0	1	1	0
1	1	2	1
1	1	1	1
1	1	1	1
1	1	1	1
1	1	1	1
1	1	2	1
1	2	0	2
1	1	2	1
2	1	1	2
1	1	1	1
3	1	1	2
2	19	2	3
0	1	1	1
1	1	1	1
1	1	1	1
1	1	1	1
0	1	1	0
1	1	1	1
2	3	1	1
2	1	3	2
2	1	1	2
3	2	1	2
1	1	1	1
1	1	1	1
1	1	1	1
3	2	3	3
1	1	1	1
2	1	0	2
1	2	1	1
1	1	0	1
1	1	0	2
3	3	1	1
1	1	1	1
1	2	2	1
2	1	1	2
1	2	1	1
1	1	2	1
1	1	1	2
1	1	1	1
2	2	1	2
1	1	1	1
2	1	1	1
1	1	1	1
2	2	2	3
1	1	1	1
2	2	1	2
1	1	1	1
1	1	2	1
1	1	1	1
1	1	1	1
1	1	1	1
1	1	1	1
1	1	1	1
1	1	1	1
1	1	1	1
2	1	1	2
1	1	1	1
0	1	1	0
1	1	1	2
1	1	1	1
0	3	1	0
1	2	1	1
1	1	1	1
6	9	7	14
1	1	0	1
1	1	0	1
1	1	1	1
0	1	1	0
1	2	1	1
0	1	1	0
2	5	1	2
0	1	1	0
1	1	1	1
1	2	0	1
2	2	1	1
1	2	1	1
1	1	1	1
1	1	1	1
2	2	2	2
1	1	1	1
1	1	0	1
2	1	1	1
1	1	1	1
1	1	1	1
1	1	1	1
1	1	1	1
1	1	0	1
0	1	1	0
1	2	1	1
1	1	1	1
2	2	1	2
2	2	2	3
2	2	2	2
2	1	1	7
0	1	1	0
1	1	1	1
2	2	1	2
0	1	1	1
1	1	0	1
1	1	1	1
6	4	2	5
1	1	1	1
1	1	1	1
2	1	1	2
2	2	2	3
1	1	1	1
1	1	0	1
1	1	1	1
2	2	1	1
1	1	1	1
1	1	1	2
1	1	1	1
1	1	1	1
1	1	1	1
1	1	1	1
1	1	1	1
2	1	1	2
1	1	1	1
0	1	1	0
1	1	1	1
1	1	1	1
1	1	1	1
0	2	1	0
1	1	1	1
1	1	1	1
2	2	2	2
1	1	1	1
4	3	1	2
1	1	1	1
1	1	1	1
2	1	1	2
1	1	1	1
2	1	1	2
2	1	1	1
1	1	1	1
1	1	1	1
0	1	1	0
0	1	1	0
1	1	1	1
1	1	1	1
2	1	1	2
1	1	1	1
1	1	0	1
1	1	0	1
2	1	1	1
0	1	1	1
1	1	1	1
1	1	1	1
1	1	1	1
2	1	1	2
2	1	2	6
1	1	1	1
1	1	1	1
2	1	1	2
1	1	1	1
1	1	1	1
1	1	1	1
1	1	1	1
1	1	1	1
1	1	1	1
1	1	1	1
1	1	1	1
2	1	1	2
3	3	3	3
1	1	1	1
1	1	1	1
1	1	1	1
1	1	0	1
2	7	19	1
1	1	1	1
1	1	1	1
2	1	1	2
2	1	2	1
1	1	1	1
1	1	1	1
2	1	1	2
1	1	1	1
1	1	1	2
1	1	1	1
0	1	0	1
1	1	1	2
1	1	1	1
1	1	1	1
1	1	2	1
2	2	1	2
1	1	1	1
1	1	1	1
1	1	1	1
1	1	1	1
2	2	1	2
1	1	2	1
1	1	1	1
1	1	2	1
0	1	1	0
1	1	1	2
1	1	1	1
1	1	1	1
1	1	1	1
1	1	1	1
1	1	1	1
2	1	0	1
0	1	1	0
1	1	1	1
1	1	1	1
0	2	2	0
3	4	4	3
1	1	1	1
0	1	1	0
1	1	1	1
2	2	1	2
1	1	1	1
1	1	1	1
1	1	1	1
2	1	1	2
1	1	1	1
1	1	1	1
2	1	1	2
1	1	1	1
1	1	0	2
1	2	1	1
2	1	1	2
1	2	1	1
1	1	1	1
1	1	1	1
0	1	1	0
1	1	0	0
0	2	1	3
1	1	1	1
2	1	1	2
2	3	1	6
1	1	1	1
2	2	1	2
1	1	1	1
1	1	1	1
1	1	1	2
1	1	1	1
0	1	1	1
2	2	2	2
1	1	2	1
1	1	1	1
1	1	1	1
1	1	1	2
1	1	1	1
1	1	1	1
0	1	1	0
1	2	1	1
0	1	1	0
2	2	0	2
2	1	1	2
3	1	1	2
0	1	1	0
1	1	2	1
1	1	2	1
1	1	1	1
1	1	1	1
2	1	1	2
4	3	2	4
1	1	1	1
1	1	1	1
1	2	1	1
1	1	1	1
1	1	1	1
1	1	2	4
1	1	1	1
5	3	2	5
1	1	1	1
1	1	1	1
1	1	0	2
1	1	1	1
1	1	1	1
2	1	1	1
3	2	0	3
2	1	0	2
1	1	1	1
1	1	1	1
3	2	1	3
1	1	1	1
1	1	1	1
2	1	1	2
1	2	1	1
1	2	0	2
1	1	1	1
1	1	1	1
0	1	1	1
1	1	1	1
2	1	1	2
1	1	1	1
1	1	1	1
1	3	1	6
1	1	1	1
1	1	2	1
1	2	1	2
1	1	1	1
1	1	0	1
1	1	0	1
1	1	2	1
1	1	1	1
2	1	1	3
1	1	1	1
1	1	1	1
1	1	2	1
1	1	0	1
2	1	1	2
1	1	1	1
2	1	1	2
1	2	0	1
1	2	1	1
0	1	1	0
4	3	3	4
1	1	1	1
1	1	1	1
1	1	1	1
2	1	1	2
1	1	1	1
2	1	1	2
1	1	1	1
1	1	1	1
1	1	1	1
3	3	3	4
1	1	1	1
0	1	1	0
1	1	1	1
1	1	1	1
1	1	1	1
1	1	0	1
1	1	1	6
1	1	1	1
1	2	1	1
2	1	1	2
1	1	1	1
1	1	1	1
2	1	1	2
1	1	1	1
0	1	1	1
3	2	2	3
2	1	1	2
1	1	2	1
1	1	1	2
1	1	1	1
1	1	1	1
1	1	0	1
1	1	1	1
1	1	1	1
1	1	1	1
1	1	1	1
0	1	1	0
0	2	1	0
0	1	1	0
0	1	1	0
0	2	1	1
1	1	1	1
1	1	3	1
5	4	2	4
1	1	1	1
1	1	1	1
15	16	10	13
2	1	1	2
1	1	1	1
2	1	0	1
1	1	1	1
1	1	1	1
1	2	1	1
1	1	1	1
1	1	1	1
1	1	1	1
1	1	1	1
1	1	1	1
1	1	1	1
0	1	1	0
1	1	0	1
0	1	1	0
1	1	1	1
1	1	1	1
0	1	1	0
1	1	1	1
1	1	1	1
2	2	1	2
1	2	0	1
1	1	1	1
6	3	1	8
1	1	1	1
3	2	1	2
1	1	1	1
1	1	1	1
1	1	0	1
1	1	0	1
1	1	1	1
1	1	1	1
2	1	1	2
1	1	1	1
2	1	1	1
1	1	1	1
1	1	0	1
1	1	0	1
1	1	1	1
1	1	0	2
1	1	1	0
2	1	1	2
1	1	0	1
4	1	0	4
1	1	1	1
1	1	1	1
1	1	1	1
1	1	1	1
2	1	2	4
1	1	1	1
1	1	2	1
1	1	1	1
0	1	2	0
2	1	0	2
2	4	1	4
2	2	2	3
2	4	3	3
4	2	3	4
0	1	1	1
1	2	2	1
1	1	1	1
1	1	1	1
0	1	1	0
1	1	0	1
1	1	1	1
2	1	1	2
0	1	1	0
0	4	2	0
2	2	2	2
1	1	1	1
2	2	2	2
2	1	0	2
0	2	1	0
1	1	0	1
1	1	1	1
9	2	1	7
2	1	2	2
2	1	1	1
0	1	1	0
1	1	2	1
1	1	3	1
0	1	1	0
0	2	1	0
2	1	1	3
1	1	1	1
2	1	1	2
1	1	1	2
1	1	1	2
1	1	1	1
1	1	1	1
1	1	0	1
3	2	2	3
1	1	1	1
1	1	1	1
2	1	1	1
1	1	1	1
1	1	1	1
1	1	1	1
1	1	1	1
1	1	1	1
0	1	1	0
0	1	1	1
0	1	0	2
1	1	0	1
1	1	1	1
1	1	1	1
2	1	2	2
1	1	1	1
1	2	1	1
1	1	1	1
2	1	1	2
1	1	1	1
2	1	1	1
1	1	1	1
1	1	1	1
1	1	1	1
2	1	0	2
1	1	0	1
2	3	2	2
2	1	1	1
1	1	1	1
1	1	1	1
2	3	3	2
0	3	2	0
4	2	2	3
2	2	3	2
2	2	1	2
1	1	0	1
0	1	0	1
1	2	1	1
1	1	1	1
1	1	1	1
1	1	1	2
2	1	1	2
4	3	2	3
1	1	1	1
2	1	0	2
1	1	0	1
2	1	1	2
2	1	0	1
0	1	1	0
1	1	1	1
1	1	0	1
1	1	1	1
3	3	3	3
1	1	1	1
1	1	1	1
1	2	1	1
1	1	0	1
1	1	1	1
1	1	1	1
0	1	1	0
1	2	0	1
1	1	1	1
1	1	1	1
0	1	1	0
1	1	1	1
1	1	1	1
0	2	1	0
1	1	1	1
1	1	1	1
2	1	1	1
1	1	2	1
1	1	1	1
1	1	1	1
1	1	1	0
1	1	1	1
1	1	1	2
2	2	0	2
1	1	1	1
3	2	2	3
1	1	1	1
1	1	1	1
2	2	2	2
1	1	1	1
1	1	1	1
1	1	1	1
2	2	2	2
1	1	1	1
1	1	2	3
1	1	1	1
1	2	0	1
1	1	0	1
1	1	1	1
4	2	2	3
1	1	0	1
1	1	1	1
1	1	1	1
1	1	1	1
1	1	1	1
1	1	1	1
1	1	1	1
1	1	1	1
1	1	1	1
1	1	1	1
1	3	1	1
2	2	1	2
1	1	1	1
1	1	2	1
2	1	1	2
1	1	1	1
2	3	1	3
1	1	1	1
1	1	1	1
1	1	1	1
1	1	1	1
2	2	2	2
1	1	1	1
1	1	1	1
1	1	1	1
2	1	1	2
2	1	1	1
2	1	1	2
1	1	0	1
1	1	1	1
1	1	0	1
5	4	4	8
2	1	1	1
3	2	2	3
3	2	2	2
0	1	2	0
1	1	1	1
1	1	1	1
3	2	2	3
2	1	1	2
1	2	1	0
1	1	1	1
1	1	1	1
2	2	3	2
1	1	1	1
1	1	1	1
6	6	5	7
0	1	1	1
2	1	1	2
1	1	1	1
1	1	1	1
1	1	1	1
1	1	1	1
3	2	2	3
1	4	6	1
1	1	1	1
2	2	2	2
1	1	1	1
0	1	1	0
1	1	1	1
2	2	2	2
2	1	1	2
1	1	3	1
1	1	1	1
1	1	1	1
1	1	0	1
6	6	3	6
1	1	2	1
1	1	1	4
1	1	1	1
1	1	1	1
1	1	2	1
1	1	1	1
3	3	2	2
1	1	1	1
1	2	1	3
1	1	1	1
2	2	1	2
1	1	2	1
1	1	1	1
2	2	2	2
1	1	1	1
1	1	1	1
2	1	1	3
1	1	1	1
1	1	1	1
1	1	1	1
1	1	0	1
2	2	1	1
1	1	0	1
1	1	1	1
2	2	2	2
1	1	1	1
0	6	1	0
0	1	1	0
1	2	0	2
2	1	1	2
2	2	1	2
1	1	1	1
1	2	1	1
0	1	1	0
1	1	1	1
2	2	1	2
1	1	1	1
1	1	1	1
1	1	1	1
1	1	0	1
1	1	1	1
1	1	1	3
1	1	1	1
2	1	1	2
1	1	1	1
1	1	1	1
1	1	0	1
0	2	1	0
2	1	2	3
2	2	1	2
1	2	1	1
2	1	1	2
1	1	1	1
1	1	0	1
1	1	1	1
1	1	1	1
1	1	1	1
1	1	1	1
0	1	1	0
1	1	1	1
1	1	1	1
0	2	1	1
1	1	1	1
1	1	1	1
2	1	1	2
0	2	1	0
2	1	1	2
1	1	1	1
1	1	1	2
1	1	1	1
1	1	1	2
2	1	1	1
1	1	2	1
1	1	1	1
4	1	1	4
1	2	1	1
1	1	1	1
1	1	1	1
1	1	0	1
0	1	1	1
1	1	1	1
0	1	1	0
2	1	1	2
2	1	1	2
1	1	1	1
4	2	2	2
1	2	2	1
2	3	3	2
1	1	1	1
1	1	1	1
1	1	1	2
1	1	1	1
1	1	1	1
0	1	1	0
1	1	1	1
2	1	1	2
2	1	1	2
1	1	1	1
1	1	1	1
1	1	0	1
1	2	1	1
1	1	1	1
1	1	2	1
2	1	0	2
2	2	1	2
1	1	1	1
2	2	1	3
1	1	1	1
1	1	0	1
2	1	2	2
1	1	1	1
2	1	1	2
1	1	1	1
1	1	1	1
2	2	2	2
0	1	1	0
23	8	5	42
1	1	1	1
1	1	1	1
1	1	1	1
6	6	3	4
1	1	1	1
1	1	1	1
0	1	1	0
3	1	2	2
0	9	3	0
1	1	1	1
3	1	1	3
1	2	1	2
0	1	1	0
0	1	0	2
