Thepa	Theca	Carpa	Arath
3	1	2	2
1	1	1	1
1	1	1	1
0	1	2	1
3	2	1	3
1	2	2	1
2	2	1	3
1	2	1	1
0	9	2	0
2	2	1	1
1	1	0	1
1	1	1	1
1	1	1	1
2	1	1	2
0	2	1	0
1	1	0	1
1	1	1	1
2	2	1	2
1	1	1	1
1	1	1	1
1	2	1	1
1	1	1	1
1	1	1	1
1	1	2	1
1	1	1	1
0	1	1	0
2	2	2	2
0	1	2	1
1	1	1	1
0	1	0	1
1	1	1	1
2	1	0	1
1	1	1	1
0	1	1	0
1	1	1	1
1	2	0	1
1	2	1	1
1	1	1	1
1	2	3	1
1	1	0	1
1	1	1	1
1	1	1	1
1	1	1	1
2	1	1	2
1	1	1	1
1	1	1	1
2	1	1	2
1	2	1	1
1	1	0	0
1	1	1	1
1	1	1	2
1	2	1	2
1	1	1	0
1	1	1	1
1	1	1	1
0	2	1	0
1	1	1	1
0	1	1	1
1	1	1	1
0	1	2	2
1	1	1	1
2	1	1	2
2	1	1	2
0	1	1	1
1	2	1	1
3	2	3	3
1	3	1	2
1	1	1	1
1	1	1	1
1	1	1	1
2	1	1	2
5	2	2	5
2	4	1	1
0	1	0	1
2	1	1	2
2	1	1	2
1	1	1	1
1	1	0	1
1	1	0	1
1	1	1	2
1	1	0	1
2	1	1	3
1	1	1	1
4	2	2	5
2	1	1	2
1	1	1	1
0	1	1	0
1	1	1	1
1	1	1	1
2	1	1	2
4	2	1	4
1	1	0	0
2	1	1	2
1	1	1	1
0	1	1	0
1	1	1	1
0	1	1	0
1	1	1	1
1	2	0	2
0	1	1	0
2	2	1	2
2	1	2	1
1	1	0	1
1	1	1	1
0	1	1	0
2	1	1	2
1	1	2	1
1	1	1	1
0	1	1	0
1	3	1	1
1	1	1	1
1	1	1	1
1	2	2	1
1	1	1	1
1	1	1	1
1	1	1	4
2	2	1	2
2	2	1	1
1	1	1	1
1	1	1	1
1	1	1	1
1	1	1	1
1	1	1	1
1	1	1	1
1	1	0	1
1	1	1	1
1	1	1	1
1	1	1	1
1	1	1	1
4	2	1	4
1	1	1	1
1	1	0	1
1	1	1	1
1	1	0	1
1	1	1	1
2	2	2	2
1	3	1	1
1	2	1	1
2	2	1	2
1	1	1	1
13	13	11	15
2	1	1	1
1	1	1	1
1	1	1	1
2	2	2	2
1	1	1	1
1	1	0	1
1	1	1	1
1	1	1	1
1	2	1	1
1	1	1	1
0	1	2	0
0	1	1	0
2	1	1	3
1	1	1	1
1	1	1	1
1	1	0	1
1	1	2	1
1	1	1	1
1	1	1	1
2	1	1	2
1	1	1	1
15	18	14	17
1	1	1	1
3	2	2	3
4	52	8	6
1	1	1	1
1	1	1	1
0	1	1	0
1	1	1	1
1	1	0	1
1	1	1	1
1	1	1	1
1	1	0	1
0	1	1	0
3	1	1	3
2	1	1	1
1	1	0	1
1	1	1	1
0	1	1	1
1	1	0	1
1	1	1	1
3	2	1	2
1	1	1	3
1	1	1	1
1	1	1	1
1	1	1	1
2	1	1	2
7	6	6	7
0	1	1	0
1	1	1	1
0	1	1	0
1	2	1	2
2	3	3	2
2	1	1	1
4	2	0	4
2	2	2	2
1	1	1	1
1	1	1	1
1	1	1	1
1	2	1	1
1	1	1	2
2	1	1	2
2	1	1	1
1	1	2	1
1	1	1	1
1	1	0	1
1	1	1	1
1	1	1	1
2	1	0	2
1	1	1	2
1	1	1	1
1	1	1	1
1	1	0	0
2	2	2	2
2	1	1	2
1	1	1	1
0	1	1	0
1	1	1	1
1	1	1	1
1	1	1	1
2	2	1	2
1	1	0	1
1	1	1	1
1	2	2	1
2	2	2	3
1	1	1	1
1	1	1	1
0	1	1	0
1	1	1	1
1	1	1	1
1	2	2	1
3	2	3	3
1	1	1	1
0	1	1	0
0	2	2	0
2	2	1	2
3	2	2	3
4	4	1	4
1	1	1	1
1	1	1	1
1	1	0	1
1	1	1	1
2	1	1	2
1	1	1	1
1	1	1	1
1	1	1	1
1	1	1	1
1	2	1	1
1	1	1	1
1	2	0	1
1	1	1	1
2	1	1	2
1	1	0	1
1	2	2	1
1	1	1	1
1	1	1	1
1	1	1	1
0	1	0	1
1	1	1	1
2	2	1	3
1	1	1	1
1	1	1	1
1	2	2	2
2	1	0	3
1	1	1	1
1	1	1	2
1	1	0	1
1	1	1	1
1	1	0	1
1	5	1	1
1	1	0	1
4	1	1	2
2	1	1	2
1	1	0	1
1	1	2	1
1	1	1	1
0	1	4	0
3	1	1	2
0	8	1	0
5	3	3	5
1	1	1	1
2	1	1	2
1	1	0	1
2	1	1	2
1	1	1	2
0	1	2	0
1	3	2	3
1	1	1	1
1	1	1	1
0	1	1	1
1	2	2	1
1	1	1	1
0	1	1	0
1	4	3	1
2	2	2	2
2	2	2	2
0	1	1	0
1	1	1	1
1	2	1	1
0	1	1	0
1	1	1	1
2	2	0	2
1	1	1	1
1	1	0	1
1	1	1	1
2	1	1	1
2	1	1	2
5	6	2	35
17	17	12	21
14	8	9	12
1	1	1	1
1	2	1	1
1	1	1	1
2	2	2	2
1	1	1	1
1	1	1	1
2	1	0	2
1	1	1	1
1	1	1	1
1	1	1	1
1	1	1	1
1	1	1	1
1	1	0	1
1	1	1	1
0	1	1	0
1	1	1	2
1	1	0	1
1	1	0	1
2	1	0	2
2	1	2	1
1	1	0	1
1	1	1	1
1	1	1	1
0	1	1	0
3	1	1	3
1	1	1	1
1	1	1	1
1	1	1	1
1	1	1	1
1	1	0	1
2	1	1	2
1	1	1	1
1	1	1	1
2	2	1	2
1	1	1	1
1	1	1	1
1	1	1	1
0	1	1	0
1	1	1	1
1	1	1	1
1	1	1	1
4	1	2	4
1	1	1	1
2	1	1	2
1	1	1	1
1	1	1	1
1	2	1	1
1	1	1	1
1	1	1	1
2	4	5	3
1	1	1	1
1	1	1	1
0	1	1	0
1	1	1	1
0	1	1	0
1	2	2	1
1	1	1	1
1	1	1	1
1	1	2	1
1	1	1	1
1	1	0	1
2	2	2	2
2	1	1	1
0	1	0	1
1	1	1	1
1	1	2	1
1	1	1	1
1	1	1	1
1	1	1	1
1	1	0	1
1	1	1	1
1	1	0	1
1	2	1	1
1	1	1	1
2	1	0	2
1	2	2	1
1	2	1	1
1	1	0	1
1	1	1	1
1	1	1	1
1	1	1	1
1	2	2	1
1	1	0	1
1	1	0	1
1	2	1	1
1	1	1	1
1	1	0	1
1	1	1	1
1	1	1	1
2	1	1	1
2	2	2	2
1	1	1	1
2	1	2	2
2	2	2	2
1	1	0	1
1	2	2	1
0	1	1	0
1	1	1	1
1	3	1	1
1	1	1	1
1	1	1	1
2	1	1	2
2	2	2	2
1	1	0	1
2	1	0	2
3	4	2	3
2	1	0	1
1	1	1	1
0	1	1	0
1	1	1	1
0	1	1	0
1	1	1	1
1	1	1	1
1	2	1	2
2	1	2	2
1	1	1	1
1	1	1	1
2	2	1	2
2	1	1	1
1	1	2	1
1	1	1	1
2	1	1	1
1	1	1	1
0	1	1	0
1	2	1	1
1	1	1	1
1	1	1	1
1	1	0	1
1	1	1	1
3	1	1	3
1	2	2	1
1	1	1	1
1	1	1	1
1	1	1	1
1	1	1	1
0	1	2	0
2	1	2	2
2	1	1	2
1	2	1	1
4	2	1	4
2	1	1	2
4	2	3	5
1	1	1	1
1	2	2	1
2	2	1	1
4	2	2	9
1	1	1	1
1	2	1	1
1	1	1	1
0	1	1	0
1	1	1	1
1	1	1	1
1	1	1	2
1	1	1	1
1	1	1	1
1	1	0	1
1	3	1	1
1	1	4	1
4	3	2	3
1	1	1	1
3	1	1	2
1	1	1	1
1	1	1	1
1	1	1	1
2	1	1	2
1	1	0	1
1	1	1	1
1	1	1	1
0	1	1	0
1	1	1	1
1	1	1	1
2	2	1	2
0	1	1	0
2	2	1	2
1	1	1	0
1	1	1	1
1	1	1	1
1	1	1	1
1	1	1	1
2	1	0	2
1	2	1	2
2	2	2	3
4	4	2	9
1	1	1	1
1	3	1	1
1	1	1	1
1	1	1	2
1	1	1	1
3	2	1	3
1	1	1	1
1	1	0	1
0	1	1	0
1	1	0	1
2	2	2	2
0	1	1	0
1	1	0	1
1	1	1	1
2	1	0	1
1	1	1	2
1	1	1	1
0	1	1	0
1	1	1	1
1	1	1	1
1	1	1	1
1	1	1	2
1	2	0	2
1	1	1	1
1	1	1	1
1	1	1	1
1	1	1	1
1	1	1	1
1	1	1	1
1	1	1	1
1	1	2	1
4	2	2	6
2	1	1	2
1	1	1	1
1	1	1	1
2	1	0	2
1	1	0	1
1	1	0	1
2	1	0	2
1	1	1	1
1	1	1	1
0	1	1	0
1	2	1	1
1	1	0	1
3	2	2	9
1	1	1	1
1	1	1	1
3	2	1	3
1	2	4	4
1	1	1	1
1	1	0	1
0	2	2	1
2	2	1	2
1	2	1	1
2	2	2	2
1	1	0	1
1	1	1	1
1	1	1	1
1	2	1	1
1	1	1	1
2	1	1	1
1	2	1	1
2	1	1	2
1	1	1	1
1	1	1	1
2	6	4	2
1	1	1	1
1	1	1	1
1	1	1	1
1	1	1	1
0	1	1	0
3	1	0	4
2	1	1	1
2	1	1	2
1	1	1	1
1	1	1	1
1	2	1	1
1	1	1	1
1	1	1	1
1	1	0	1
2	2	1	2
0	2	1	0
1	1	1	1
0	13	2	0
1	1	0	1
0	1	2	1
0	1	1	0
1	1	1	1
1	1	1	1
1	1	1	1
1	1	0	1
1	1	1	1
1	1	1	2
1	1	2	1
1	1	0	1
1	1	1	1
1	1	1	1
0	1	1	0
2	1	1	2
1	1	1	1
0	1	1	0
2	2	2	2
1	1	2	2
2	1	1	1
1	1	1	1
2	1	1	1
0	1	1	1
5	2	1	4
1	3	1	1
2	2	2	2
1	1	1	1
1	1	1	1
1	1	2	1
1	1	1	1
1	1	1	1
1	1	1	1
1	1	0	1
1	1	1	1
1	1	1	1
2	1	1	2
2	1	1	2
1	1	1	1
3	2	2	3
1	1	1	1
1	1	1	1
1	1	1	1
1	1	0	1
1	1	1	1
1	1	1	1
2	2	1	1
1	3	2	1
1	1	1	1
2	1	1	2
0	1	0	1
0	1	1	1
1	1	1	1
1	1	1	2
2	1	1	2
1	1	1	1
6	3	4	4
2	1	0	2
0	1	1	0
2	2	2	2
2	1	1	2
0	1	1	0
1	1	1	1
1	1	1	1
1	1	1	1
4	2	2	4
0	1	1	0
6	3	3	7
1	1	1	1
2	2	1	2
2	2	2	2
2	1	1	2
1	1	1	1
1	1	1	1
1	1	1	1
1	1	1	1
2	2	1	2
0	1	0	1
0	1	1	1
1	1	1	1
1	2	3	1
2	1	1	2
3	2	2	3
2	1	0	2
1	1	1	1
2	1	4	3
1	1	1	1
1	1	1	1
3	2	2	4
3	1	1	2
1	1	1	1
1	1	1	1
1	1	1	1
0	1	1	1
1	1	1	1
3	2	2	3
1	1	1	1
3	5	4	3
1	1	1	1
1	1	1	1
1	1	1	1
1	1	1	1
2	2	0	2
2	1	1	2
1	1	1	1
1	1	1	1
1	1	1	1
2	1	0	2
1	1	1	1
2	1	1	2
1	3	0	1
1	1	1	1
1	1	1	1
1	1	1	1
1	1	1	1
1	1	0	1
0	1	0	1
6	4	4	5
1	1	1	1
1	1	0	1
2	1	1	2
1	1	2	2
0	1	1	0
2	1	1	2
1	2	1	1
1	1	1	1
1	2	1	1
3	4	2	4
1	1	1	1
0	1	1	0
1	1	1	1
1	1	0	1
1	1	1	1
1	1	1	2
2	2	2	2
2	1	1	1
1	1	1	1
2	1	1	2
1	1	0	1
3	2	1	2
1	1	1	1
1	1	1	1
2	1	1	2
2	2	0	1
2	2	2	1
1	1	1	1
1	1	1	1
1	1	1	1
1	2	1	1
0	1	1	0
1	2	1	1
2	2	1	2
2	2	1	2
1	1	1	1
1	1	0	1
1	2	1	1
1	1	1	1
2	1	1	2
1	1	1	1
1	1	1	1
1	1	0	2
2	1	1	2
1	2	2	2
2	2	2	2
1	1	0	1
1	1	1	1
1	1	1	1
4	4	3	5
1	1	1	1
1	1	1	1
0	1	1	0
1	1	1	1
1	1	1	1
1	3	2	1
1	1	1	1
2	1	1	2
2	1	2	2
1	1	1	1
1	1	0	1
0	1	1	0
1	8	2	2
1	1	1	1
1	1	1	1
1	1	1	1
5	3	2	5
1	1	1	2
1	1	1	1
0	1	2	0
0	1	1	0
1	1	1	1
1	2	1	1
5	8	6	5
0	2	1	0
1	1	1	1
1	1	1	1
1	2	2	1
1	1	1	1
1	1	1	1
1	1	1	1
1	3	1	1
1	1	1	1
1	1	1	1
1	1	1	1
1	1	1	1
1	1	1	1
4	3	2	4
1	1	1	1
0	1	1	0
1	1	1	1
1	1	1	1
2	1	1	2
1	1	1	2
1	1	1	1
2	1	1	2
1	1	1	1
2	1	0	1
1	1	1	1
2	1	1	2
1	1	1	1
1	1	1	1
0	1	2	0
2	1	1	1
5	5	3	5
1	1	1	1
2	2	2	1
2	2	2	2
2	3	2	2
2	1	1	2
2	1	1	2
1	1	0	1
2	1	1	2
1	1	1	1
1	1	1	1
1	1	1	1
1	1	1	1
1	1	1	1
0	1	1	0
0	1	1	0
1	1	0	0
1	1	1	1
1	1	1	1
1	1	0	1
1	1	2	1
1	1	2	2
0	1	1	1
1	1	1	1
1	1	1	1
2	1	1	2
3	2	2	3
2	1	1	2
1	1	1	1
1	1	1	1
1	1	1	2
1	1	1	1
2	2	2	2
1	1	1	1
1	1	1	1
1	1	0	1
2	1	1	2
1	1	1	1
1	3	1	1
1	1	1	1
2	2	2	2
2	1	1	1
2	1	1	1
1	3	1	1
0	1	1	0
4	3	3	4
1	1	1	1
2	1	1	2
1	1	1	1
3	3	2	3
2	2	2	2
1	1	1	1
2	1	2	2
1	1	0	1
2	1	1	2
5	1	4	3
1	1	1	1
5	5	3	3
1	1	1	1
1	1	1	1
2	2	2	2
1	1	0	1
1	1	1	1
1	1	1	1
1	1	2	1
0	1	1	0
3	1	1	2
0	1	0	3
1	1	1	1
3	1	1	3
1	2	2	1
1	1	1	1
1	1	1	1
1	1	1	1
1	1	1	1
1	2	1	1
1	1	1	2
2	3	2	2
4	14	7	7
1	1	1	1
2	1	1	2
2	1	1	2
1	1	1	1
1	1	1	1
0	1	1	0
1	1	1	1
1	2	1	1
0	1	0	2
3	2	1	2
1	3	4	2
2	1	1	1
2	2	2	1
1	1	1	1
1	1	1	1
1	1	1	1
1	1	1	1
1	1	0	22
2	1	1	3
1	2	2	1
0	1	1	0
2	1	1	2
1	1	1	1
4	3	3	4
2	1	2	2
1	1	1	1
1	1	1	1
1	1	1	1
1	1	0	1
3	2	1	3
1	1	1	1
0	1	1	0
0	1	0	1
1	1	1	1
1	1	1	1
1	1	2	1
0	1	1	0
1	1	0	1
2	1	1	2
0	1	1	1
1	1	0	1
2	1	1	2
2	1	1	1
1	1	1	1
1	1	1	1
1	1	1	2
1	2	1	1
1	1	1	1
1	1	1	1
0	1	0	1
1	1	0	1
2	1	1	1
1	1	1	1
0	1	1	0
1	1	1	1
2	1	1	2
1	1	1	1
1	1	1	0
0	1	1	0
1	1	1	2
2	1	1	2
1	1	1	1
1	1	1	1
8	7	5	7
2	1	1	1
1	1	0	1
0	1	1	0
1	1	1	1
2	1	0	2
2	1	1	2
1	1	1	1
1	1	1	1
1	1	1	0
1	1	2	1
1	1	1	1
1	2	2	1
1	1	1	1
1	1	1	1
1	2	1	1
1	1	0	1
1	1	1	2
1	2	2	1
1	1	1	1
1	1	1	1
0	1	1	0
1	1	1	1
1	1	1	1
1	1	0	1
3	3	2	4
2	1	2	2
1	1	1	1
1	1	1	1
3	2	2	2
1	1	1	1
2	3	2	2
1	1	1	1
0	2	1	0
1	1	1	1
1	1	0	1
1	1	0	1
0	2	1	0
1	1	1	1
1	1	1	1
1	1	1	1
0	1	2	0
2	2	2	2
1	1	1	1
1	1	1	1
0	1	1	0
2	1	0	2
1	1	1	1
0	1	1	0
2	1	1	2
2	1	0	2
1	1	2	1
1	1	1	1
1	1	1	1
1	1	1	1
1	1	1	1
2	2	2	2
1	1	1	2
2	1	2	2
1	1	1	1
1	1	1	1
1	1	0	1
1	1	1	1
1	1	1	1
1	1	1	2
1	2	1	1
1	1	1	0
0	1	1	0
1	1	1	1
3	2	2	3
2	2	2	2
1	2	1	1
1	1	1	1
1	1	1	2
3	2	1	3
2	1	1	2
1	2	1	1
1	1	1	1
1	1	0	1
1	1	1	1
0	1	1	0
1	1	1	1
1	1	1	1
1	1	1	1
2	1	1	2
1	1	1	1
1	1	1	1
2	2	1	2
1	1	1	1
1	1	1	1
1	1	1	1
1	1	1	1
0	1	1	0
1	1	1	1
1	1	1	1
1	1	1	1
1	1	1	1
2	2	2	2
1	1	1	2
1	2	2	1
3	2	1	3
1	1	0	1
1	1	1	2
1	1	2	1
2	1	1	3
1	1	1	1
1	1	1	1
1	2	2	1
1	1	1	1
1	4	2	1
0	2	1	0
1	1	1	1
1	1	0	1
2	2	2	2
1	1	1	1
2	1	1	1
1	1	1	1
3	3	2	6
1	1	1	1
1	1	1	1
1	1	1	1
1	1	0	1
2	2	2	2
2	1	0	1
1	1	1	1
2	1	1	5
2	1	1	1
0	1	2	2
2	1	1	1
1	3	2	1
1	2	1	1
0	1	2	0
1	1	1	1
1	1	1	1
1	1	1	1
1	1	3	1
0	1	1	0
0	1	1	1
0	1	1	1
1	1	1	1
1	1	1	1
0	1	1	0
4	3	2	4
1	2	1	1
1	1	1	1
2	1	1	1
0	1	1	0
1	1	1	1
0	1	1	0
1	1	1	1
1	1	0	1
2	1	2	2
3	4	4	4
0	1	1	0
0	1	1	1
2	1	0	3
1	2	1	1
1	1	1	2
3	1	1	1
1	1	0	1
2	1	1	2
1	1	1	1
2	1	1	2
1	1	1	1
2	1	1	2
1	1	0	1
1	1	1	1
3	1	0	1
3	3	2	3
0	1	1	0
1	1	1	1
1	1	1	1
0	1	1	0
7	15	10	8
1	1	1	1
1	1	1	1
1	1	1	1
2	1	1	2
0	1	1	0
2	1	1	2
1	1	2	1
1	1	5	1
0	1	1	0
1	1	1	1
1	1	0	1
0	1	1	0
1	1	0	1
1	1	1	1
0	2	1	1
1	1	1	1
3	1	2	2
1	2	2	1
1	2	2	1
1	1	1	1
0	1	1	1
1	1	1	1
1	1	1	1
1	2	0	1
1	1	1	1
0	1	2	0
1	1	1	1
1	2	1	1
1	1	1	1
1	1	1	1
0	1	0	1
2	1	1	1
1	2	1	0
1	1	1	1
1	1	1	1
0	1	1	0
1	1	1	1
1	1	1	1
2	2	2	2
1	2	4	1
3	1	0	2
2	1	1	2
1	1	1	1
0	1	1	1
1	1	1	1
1	1	1	1
1	1	1	1
1	1	1	1
1	1	1	1
0	1	1	0
0	1	1	0
1	1	1	1
1	1	2	1
1	1	0	1
1	2	1	1
1	1	1	1
2	2	2	2
1	1	1	1
1	1	1	1
1	1	1	1
1	1	1	1
1	1	1	1
1	1	1	1
1	1	1	1
1	1	1	1
3	2	2	1
1	1	1	1
1	1	0	1
1	1	1	1
4	3	2	5
1	1	1	1
1	1	0	1
5	6	5	5
0	1	3	0
2	1	1	3
1	1	1	1
2	2	2	2
1	1	1	1
2	1	1	2
1	1	1	1
1	1	1	1
1	1	2	1
1	1	1	1
1	1	0	1
1	1	1	1
1	1	1	1
1	2	1	2
0	1	1	0
0	1	1	0
1	1	1	1
1	1	1	2
1	1	1	1
0	1	1	0
2	1	1	3
2	1	1	2
3	2	1	3
1	2	1	1
1	1	1	2
1	1	1	1
4	4	1	7
1	1	2	1
1	1	0	1
3	1	2	3
0	1	2	1
1	1	1	1
2	1	1	1
1	1	1	1
1	1	1	1
1	2	2	1
2	1	1	1
1	1	1	1
1	2	1	1
3	1	1	3
2	3	4	1
2	1	1	2
1	1	1	1
1	1	2	1
0	1	1	0
1	1	1	1
0	1	1	0
2	2	1	2
0	1	2	0
1	1	1	1
2	1	1	3
1	1	1	1
1	1	1	1
1	1	1	1
1	1	1	1
1	1	1	1
1	1	1	1
2	1	1	2
1	1	1	1
1	1	2	1
2	7	2	2
2	1	1	2
1	1	1	1
1	1	1	1
0	1	1	0
1	1	1	1
1	1	0	1
1	1	1	1
2	1	1	2
1	1	0	1
2	2	2	2
2	2	2	4
0	1	1	0
1	1	1	1
0	1	1	0
1	2	1	1
1	1	1	1
6	2	1	3
2	1	1	1
1	2	1	1
2	1	0	2
1	2	2	1
4	2	1	5
2	1	1	2
2	1	0	2
1	1	1	1
1	2	1	2
1	1	1	1
1	1	1	1
1	1	1	1
1	1	1	1
1	2	2	1
3	1	0	3
2	1	1	2
1	1	1	1
1	2	1	1
2	1	2	2
2	1	1	2
7	2	2	7
1	1	1	1
1	1	1	2
2	2	2	2
1	2	1	1
2	1	1	2
2	1	2	2
2	2	2	2
1	1	1	1
1	1	1	1
1	1	1	1
1	3	1	1
0	3	1	0
1	1	1	1
2	2	4	3
2	1	1	2
2	1	1	1
1	1	1	1
1	1	1	1
1	1	1	1
1	1	2	2
1	1	1	1
1	1	1	1
1	1	1	1
1	1	1	1
0	1	1	0
1	1	1	1
2	1	0	1
3	3	2	3
0	1	1	0
1	1	1	1
1	1	2	1
2	1	1	2
1	1	1	1
1	1	1	1
1	1	1	1
1	1	1	1
1	1	1	1
1	2	1	1
2	1	1	2
1	1	1	1
1	1	1	1
1	1	1	1
1	1	1	1
1	1	1	1
1	2	1	1
2	1	1	2
1	1	1	1
1	1	1	1
3	1	1	1
2	2	2	2
1	1	1	1
1	1	1	1
2	1	1	2
1	2	2	1
1	1	1	1
1	1	1	1
1	1	1	1
1	1	0	1
1	1	1	1
0	1	1	0
0	1	1	0
1	1	1	1
1	2	1	2
2	1	1	1
0	1	1	0
1	1	1	1
1	1	1	1
0	1	1	0
1	1	2	1
1	1	1	1
0	1	1	0
0	1	1	0
2	2	1	2
2	1	1	2
2	1	1	1
1	1	1	1
1	1	1	1
1	1	1	1
1	1	1	1
1	1	1	1
1	1	1	1
1	1	0	2
0	1	1	0
1	1	1	1
1	1	0	1
2	2	1	4
1	1	0	1
1	1	1	2
1	1	1	1
4	1	1	3
1	1	1	1
2	1	1	2
1	1	1	1
1	1	1	1
1	1	1	1
3	2	2	3
1	1	0	1
1	1	1	1
1	1	1	1
1	1	0	1
1	1	1	1
0	1	0	1
1	1	0	0
2	1	0	1
3	1	1	3
1	1	1	1
1	1	1	1
1	1	2	1
2	1	1	2
1	1	1	1
1	1	1	1
0	8	4	0
1	1	1	1
3	1	1	4
0	1	1	0
2	2	1	1
1	1	1	1
1	1	1	1
1	1	1	1
1	1	1	1
2	1	1	2
2	1	1	1
1	3	1	2
1	2	1	1
1	1	1	1
1	1	1	1
2	2	2	2
4	1	1	3
1	1	1	1
1	1	0	1
1	1	1	1
0	1	1	0
0	1	1	1
2	2	2	2
2	2	1	2
1	1	1	1
1	1	1	1
2	2	2	2
2	1	2	2
1	1	1	1
1	1	1	1
1	1	1	1
1	1	1	1
1	1	1	1
2	1	1	2
1	1	1	1
1	1	1	1
0	1	1	0
2	2	1	2
1	1	0	2
1	1	1	1
1	2	0	1
1	1	1	1
1	1	1	1
1	1	1	1
1	1	1	1
2	1	1	3
1	1	0	1
1	1	1	1
0	1	1	0
2	3	1	2
1	1	0	1
0	1	1	0
1	1	1	1
1	1	1	1
0	1	1	0
1	2	1	1
1	2	2	1
1	1	1	1
2	1	0	2
1	1	1	1
3	2	1	3
0	2	2	0
1	1	1	1
1	1	1	1
1	1	1	1
1	1	1	1
1	1	1	1
1	1	1	1
1	1	1	1
1	6	3	3
1	1	1	1
1	1	1	2
1	1	0	1
4	2	2	3
1	1	1	1
1	1	1	1
1	1	1	1
2	1	1	2
0	1	1	0
1	1	1	1
1	1	1	1
1	1	0	1
1	1	1	1
1	1	1	1
1	1	1	2
2	4	4	2
1	1	1	1
2	1	1	2
0	1	1	0
1	1	2	1
1	1	0	1
2	3	2	2
8	6	4	7
1	1	1	1
1	2	2	1
1	1	1	2
2	2	2	2
1	1	1	1
1	2	1	1
1	1	1	1
5	2	2	3
1	1	2	1
1	1	1	1
1	1	1	1
1	1	1	2
3	2	2	1
1	1	1	2
1	1	1	1
2	1	1	2
3	3	2	2
2	1	1	2
1	1	1	1
2	2	2	2
1	1	1	1
2	1	1	2
1	2	1	1
2	1	0	1
1	2	1	1
1	2	1	1
1	1	1	1
1	1	1	1
1	1	1	1
1	1	0	1
5	3	4	5
2	1	1	2
1	1	1	1
1	1	1	1
3	3	1	5
4	7	2	2
0	1	1	0
1	1	1	1
1	1	1	1
2	1	1	2
1	2	1	1
1	1	1	1
2	1	2	1
2	3	4	2
1	1	0	1
1	1	1	1
1	1	0	1
1	1	1	1
1	1	1	1
0	1	1	0
1	1	1	1
1	1	1	1
1	2	1	1
6	4	2	5
2	1	1	2
1	1	1	1
0	1	3	0
1	1	1	2
0	1	1	0
2	1	1	2
1	2	2	1
0	1	1	0
0	1	1	0
1	1	1	1
1	1	1	1
2	1	1	2
1	1	1	1
1	1	1	1
1	1	1	1
4	1	1	3
0	1	0	1
1	1	1	1
2	1	1	2
1	1	1	1
1	1	1	1
2	1	1	2
1	1	1	1
1	1	1	1
1	1	1	1
1	1	2	3
1	1	1	1
3	2	1	3
1	1	1	1
1	1	1	1
0	1	1	0
1	1	1	1
1	1	1	2
2	1	0	1
1	2	0	1
0	2	1	0
1	1	1	1
1	1	1	2
0	1	1	0
1	2	2	1
0	1	1	0
1	1	0	1
1	1	1	1
3	1	1	2
1	2	1	1
3	2	2	3
1	2	1	1
2	2	2	2
2	1	1	2
1	1	1	1
1	1	1	1
0	2	1	0
0	1	0	1
3	2	1	3
1	1	1	1
2	1	1	1
1	2	2	1
3	1	1	3
2	1	1	2
1	1	1	1
1	1	1	1
1	2	2	2
1	1	1	1
4	3	0	6
3	5	4	1
1	1	2	1
1	1	1	1
1	1	1	1
1	1	1	1
1	1	1	1
1	1	2	1
1	1	1	2
1	1	1	1
0	3	1	0
1	2	1	1
1	2	2	1
1	1	1	1
2	1	1	2
1	2	1	1
1	1	1	1
1	1	1	1
1	1	1	1
2	1	2	3
2	1	2	2
1	1	1	1
1	1	1	1
1	1	1	1
1	1	1	1
3	6	1	2
0	1	1	0
1	1	1	1
1	1	1	1
1	1	1	1
1	1	1	2
1	1	1	1
0	1	1	0
1	1	1	1
0	1	1	0
1	1	1	1
2	1	1	1
1	1	1	1
3	2	1	3
1	1	1	1
2	1	1	2
1	1	1	1
1	1	1	1
1	1	1	1
2	2	2	2
1	1	1	0
1	1	1	1
1	1	1	1
1	1	0	1
1	1	1	1
1	1	1	1
2	2	2	2
1	1	1	1
4	1	2	4
1	1	1	0
1	4	3	1
1	1	1	1
2	1	1	2
1	1	2	1
1	1	0	1
1	1	1	1
1	1	1	1
1	1	1	1
2	1	3	2
1	1	1	1
1	1	0	1
1	1	1	1
1	1	1	1
1	1	1	1
0	1	1	0
3	2	1	3
1	1	1	1
2	1	1	2
2	1	1	2
1	1	1	1
1	1	2	1
3	3	0	1
1	1	1	1
1	1	1	1
1	1	1	1
1	1	1	1
1	1	1	2
5	4	6	4
1	2	1	1
2	3	0	2
2	1	1	2
1	1	1	1
2	1	1	2
5	2	1	4
1	1	1	1
1	1	1	1
0	1	1	0
1	2	1	1
0	1	1	0
1	1	1	1
1	1	1	1
0	1	1	0
1	1	1	1
2	3	1	2
5	1	1	5
2	1	1	2
1	1	0	1
2	1	1	2
1	2	1	2
1	1	2	1
1	1	1	1
0	2	1	0
1	1	1	1
1	1	1	1
1	1	1	2
1	1	1	1
1	1	1	1
1	1	1	1
1	1	1	1
1	1	1	1
1	1	1	1
1	1	1	1
1	1	1	1
3	2	1	3
1	2	2	1
1	1	1	1
1	1	1	1
1	2	2	1
1	1	1	1
1	3	1	1
4	1	1	2
1	1	1	1
1	1	1	1
1	1	1	1
1	1	1	1
1	2	0	1
1	2	1	1
1	1	1	1
2	1	1	1
1	1	1	2
1	1	1	1
1	1	1	1
0	1	0	1
1	1	1	1
0	1	1	0
2	2	2	2
1	1	1	1
1	1	2	1
1	1	1	1
2	1	1	2
3	3	3	3
1	1	1	1
3	2	1	3
1	1	0	1
2	1	1	2
1	1	0	1
1	1	1	1
4	3	4	4
2	1	1	2
1	1	1	2
1	1	1	1
2	2	1	3
2	1	1	2
1	1	1	1
2	2	2	3
1	2	0	1
1	1	1	1
1	1	1	1
1	1	1	1
1	1	1	1
1	1	0	1
4	3	1	1
0	1	1	0
1	1	1	1
1	1	1	1
1	1	1	1
1	1	1	1
1	1	1	1
1	1	1	1
0	1	1	0
1	1	1	1
5	3	2	5
1	1	1	1
1	1	1	2
0	1	1	1
1	1	1	1
1	1	1	1
0	1	1	0
2	2	2	2
1	1	1	1
0	1	1	0
1	1	1	1
1	1	1	1
1	1	1	1
1	1	1	1
8	8	5	9
3	1	1	1
0	2	1	1
1	1	1	1
1	1	1	1
1	1	1	1
29	2	0	1
1	1	1	1
1	1	1	1
1	1	1	1
0	1	1	0
1	1	1	1
1	1	0	3
1	1	1	2
1	1	1	1
1	1	1	1
6	1	6	8
2	1	1	2
1	1	1	1
0	1	2	0
3	2	1	3
2	1	1	1
0	1	1	0
2	1	1	1
1	1	1	1
1	1	0	0
0	1	0	1
1	1	1	1
1	1	1	1
1	1	1	1
1	1	1	1
1	1	1	1
1	1	0	1
1	1	1	1
2	1	3	2
1	2	1	1
0	1	2	1
2	1	1	1
2	1	1	1
1	1	2	1
1	1	1	1
1	1	1	1
1	20	3	1
1	1	0	1
3	1	1	2
1	1	1	1
2	2	2	2
1	1	1	1
3	2	2	2
2	1	1	2
1	1	1	1
1	1	1	1
2	1	1	1
1	1	1	1
1	1	1	1
1	1	1	1
1	1	1	1
1	1	1	1
1	1	1	1
1	1	1	1
1	1	1	1
1	1	0	1
1	1	1	1
1	1	1	1
0	1	0	1
1	1	1	1
1	1	1	1
1	1	1	1
4	1	1	4
1	1	1	1
2	1	0	2
1	2	2	1
1	1	1	1
4	2	0	3
1	1	2	1
1	1	1	1
2	5	1	2
1	2	2	1
2	2	2	2
1	2	1	1
1	1	1	1
1	1	1	1
1	1	1	1
0	1	1	0
1	1	1	1
1	1	1	1
1	2	1	1
1	1	1	1
1	1	1	1
1	1	1	1
1	1	1	1
1	1	1	1
1	3	1	1
1	1	1	1
3	2	1	2
3	2	1	2
2	1	0	2
1	1	2	1
2	2	2	2
1	1	1	1
3	2	1	2
2	1	1	2
1	1	1	1
1	2	1	1
2	1	1	1
1	1	1	1
0	1	1	0
2	1	2	2
1	1	1	1
1	1	1	1
1	1	1	1
1	1	0	1
1	2	1	1
2	1	1	2
0	85	2	0
1	1	0	1
1	1	0	2
2	1	1	2
2	1	1	2
1	1	1	1
1	1	1	1
2	2	1	2
1	1	0	1
0	1	1	0
1	4	1	1
1	1	1	1
1	1	1	1
1	1	1	1
1	1	1	1
1	1	1	1
1	1	1	2
1	1	1	1
1	2	1	1
1	1	1	1
2	1	1	2
1	1	1	1
1	1	1	1
1	1	1	1
1	1	1	1
1	1	1	1
8	4	4	8
1	1	1	1
1	1	1	1
1	1	1	1
1	1	1	0
1	1	0	1
2	1	1	1
1	1	1	1
0	1	1	0
0	1	1	0
2	1	1	1
1	1	1	1
1	1	1	1
1	1	0	0
1	1	0	2
1	1	1	1
0	1	1	0
4	2	2	4
0	1	1	0
1	1	1	1
1	1	0	1
2	2	1	2
1	1	1	2
2	1	1	2
1	1	1	1
1	1	1	1
3	2	2	5
1	1	1	1
3	1	1	3
1	1	1	1
1	2	1	1
1	1	1	1
1	1	1	1
0	1	1	0
1	1	1	1
1	1	1	1
1	1	1	1
2	3	1	2
2	1	1	2
1	1	1	1
1	1	1	2
2	1	1	2
2	1	1	1
0	1	1	0
2	3	2	3
1	1	2	0
1	2	1	1
1	1	1	1
1	1	1	1
1	1	1	2
2	2	1	2
1	1	1	1
1	4	2	2
0	1	1	0
1	20	5	2
1	1	1	1
1	1	0	2
1	1	1	1
2	2	2	3
1	1	1	1
0	1	1	0
1	2	2	1
3	2	1	3
3	2	2	2
1	1	1	0
1	1	1	1
1	1	0	1
2	2	3	2
2	1	1	2
1	2	0	1
1	1	2	1
0	1	2	0
2	1	1	1
2	1	1	2
1	1	1	1
0	1	1	2
1	1	1	1
1	1	1	1
0	1	1	0
1	1	1	1
1	1	1	1
2	2	0	1
1	3	0	1
3	1	1	2
1	1	1	1
1	2	2	1
1	1	0	1
1	1	1	1
3	3	2	3
1	1	0	1
1	1	1	1
1	1	1	1
1	1	1	1
1	1	1	1
4	2	1	4
1	1	1	1
1	1	1	1
1	1	1	1
1	1	2	1
1	1	1	1
1	2	0	1
1	1	1	1
1	1	2	1
2	1	0	1
2	1	1	2
2	1	1	2
3	2	2	3
1	1	1	1
3	1	3	2
1	1	0	1
1	1	1	1
1	1	1	1
1	1	1	1
2	1	1	2
3	2	1	5
1	3	2	2
2	2	1	2
1	1	3	1
0	1	1	0
1	1	1	1
2	1	1	2
1	1	1	1
1	1	1	1
2	3	3	2
3	2	2	4
1	1	1	1
1	1	1	1
3	2	1	3
1	1	1	1
3	2	2	3
1	2	1	1
1	2	2	1
1	1	1	1
1	1	1	1
1	1	1	1
1	1	1	1
1	2	1	1
2	1	1	2
1	1	1	1
1	2	1	0
1	1	1	2
2	2	2	2
1	1	1	1
1	1	1	1
1	1	1	1
0	1	1	1
1	2	1	1
1	2	2	1
1	1	1	1
2	1	1	2
1	1	2	1
1	2	1	1
2	1	1	2
1	1	1	1
1	1	1	0
5	3	2	4
2	1	1	2
1	1	1	1
1	1	1	1
1	2	2	1
0	1	1	0
1	1	6	1
1	1	1	1
1	1	1	1
1	2	1	1
9	5	2	8
1	1	1	1
4	6	4	3
1	1	1	1
2	1	1	2
1	1	0	1
1	1	1	1
1	1	1	1
1	1	0	1
2	1	1	2
2	3	3	3
1	1	1	1
1	1	1	1
3	2	2	2
1	1	1	1
4	2	2	4
1	1	1	1
1	1	1	1
2	2	1	2
1	1	1	1
0	1	1	0
1	1	1	1
1	1	0	1
2	1	1	1
1	1	1	2
0	1	1	0
2	1	0	2
1	1	1	1
1	1	1	1
1	1	1	1
1	1	1	1
2	2	2	2
1	1	1	1
1	1	1	1
1	1	1	1
7	12	5	5
2	1	2	2
1	1	1	1
2	1	1	2
0	1	1	2
1	1	1	1
6	3	4	6
1	1	1	1
1	1	2	1
1	2	2	1
1	1	1	1
2	2	2	2
1	1	1	1
1	1	2	1
1	1	1	1
2	1	2	1
1	1	0	1
1	1	1	1
1	1	1	1
2	1	0	2
1	1	1	1
1	1	1	2
1	1	1	1
2	1	1	2
2	2	1	2
1	2	2	1
1	2	2	2
1	1	1	1
1	1	1	1
2	1	1	1
1	1	1	1
3	2	2	3
1	2	1	1
3	3	3	3
1	1	0	1
2	1	2	2
0	1	1	0
1	1	1	1
3	2	2	3
4	2	1	4
0	1	1	1
1	1	0	1
0	1	1	0
1	1	1	1
1	1	1	1
1	1	1	1
1	1	1	1
2	1	1	2
0	1	1	0
2	1	1	2
0	1	1	0
2	2	2	1
1	2	1	1
1	1	0	1
0	3	1	0
1	1	1	1
1	1	1	1
1	1	2	1
1	1	1	1
2	1	1	2
1	1	1	1
1	1	1	1
2	2	2	2
2	1	1	1
1	1	1	1
1	1	1	1
0	1	1	0
1	1	1	1
4	3	1	4
1	1	1	1
1	1	1	1
13	8	6	11
1	1	1	1
0	1	1	0
1	1	1	2
1	1	1	1
1	1	1	1
3	1	1	3
1	1	1	1
1	1	1	1
1	2	2	1
1	1	1	1
1	1	1	1
2	3	3	2
2	2	1	3
1	1	1	1
2	3	1	3
1	1	1	1
1	1	0	1
1	1	2	1
2	1	1	2
2	1	1	2
1	1	1	1
1	1	1	1
1	1	1	1
1	1	1	1
2	2	1	2
1	1	0	1
1	1	0	1
1	1	1	1
1	1	1	1
0	1	2	0
1	1	1	1
1	1	1	1
1	1	1	1
1	1	0	1
3	1	1	2
0	1	1	0
0	3	0	1
1	1	1	1
1	1	1	1
1	1	0	1
1	2	2	1
1	1	1	1
1	2	1	1
1	1	1	1
0	1	1	0
2	2	2	2
1	1	1	1
2	3	2	2
1	1	1	1
2	1	1	2
1	1	1	1
1	2	2	3
1	1	1	1
0	1	1	0
0	1	1	1
1	1	1	1
1	2	1	1
0	1	1	1
1	2	1	1
1	1	1	1
2	3	2	2
1	1	1	1
1	2	0	1
3	1	0	2
1	1	1	1
1	1	1	1
3	2	1	2
1	1	1	1
2	3	1	2
2	2	1	2
1	1	1	1
1	1	1	1
1	1	1	1
2	1	1	1
1	1	1	1
1	1	0	1
0	1	1	0
1	1	0	1
0	1	1	0
1	1	1	1
2	1	2	1
0	1	1	0
1	1	1	1
3	1	1	3
0	1	1	0
1	1	1	1
0	1	1	0
1	2	1	1
1	1	1	1
1	1	1	1
2	1	1	2
1	1	0	1
2	1	1	2
1	1	1	1
0	2	1	0
1	1	1	1
3	3	2	3
1	1	1	1
0	1	1	0
1	2	1	1
1	1	0	1
2	1	1	2
1	1	1	1
2	4	2	2
1	1	1	1
1	1	1	1
2	1	1	2
3	2	3	4
2	1	1	2
1	2	4	0
0	1	2	2
1	1	0	1
1	1	1	1
1	1	1	1
1	1	0	1
1	1	1	1
7	8	4	9
1	1	2	1
1	1	1	1
1	2	1	1
1	1	0	1
2	1	1	2
0	2	1	0
1	1	1	1
1	1	1	1
2	1	1	1
1	1	1	1
1	2	1	1
1	1	1	1
1	1	1	1
1	1	1	1
3	2	1	3
3	2	1	3
1	1	1	1
2	3	3	3
1	1	1	1
2	2	2	2
3	3	4	2
2	2	2	2
1	2	1	1
1	1	1	1
1	1	1	1
1	1	1	1
0	1	3	1
1	1	1	1
1	1	0	1
1	1	0	1
1	1	1	1
1	2	2	1
1	1	0	1
4	3	3	4
1	1	1	2
1	1	1	1
2	2	0	2
1	1	1	1
0	1	1	1
1	2	1	1
1	1	1	1
1	1	1	1
0	1	1	0
2	2	2	2
1	1	0	2
0	1	1	0
2	1	1	1
1	1	1	1
1	2	1	1
1	1	0	0
2	1	1	4
1	1	1	2
1	1	1	1
1	1	0	1
1	1	1	2
1	1	1	1
1	1	1	1
1	1	1	1
1	2	2	1
1	1	1	1
2	1	1	2
3	4	0	3
3	2	2	3
1	1	1	1
2	2	0	2
1	1	2	1
1	1	1	1
1	1	1	1
2	1	1	2
1	1	3	1
1	1	1	1
1	1	1	1
1	1	1	1
1	1	1	1
1	1	1	1
1	1	1	1
9	4	3	9
1	1	1	1
1	1	1	1
1	1	1	1
0	1	1	0
2	2	2	2
1	1	1	1
2	1	1	2
1	1	1	1
2	1	1	1
1	1	0	1
1	1	1	1
1	1	1	1
1	1	1	1
0	1	1	0
1	1	1	1
1	1	1	1
1	1	1	1
2	2	1	2
1	1	1	1
1	1	1	0
1	2	0	1
1	1	1	1
1	1	1	1
1	1	1	1
1	1	1	1
0	1	1	0
2	1	0	1
2	3	1	3
1	1	1	2
2	2	0	2
0	1	1	0
1	1	1	1
1	1	1	1
1	1	1	1
1	1	1	1
1	1	1	2
1	1	0	1
1	2	1	2
2	1	0	1
3	1	1	2
1	1	1	1
1	1	1	1
2	2	1	1
2	1	1	1
2	1	2	1
2	1	1	2
1	4	2	1
2	1	1	1
1	1	1	1
0	1	1	0
1	2	1	1
1	1	1	1
1	1	1	1
1	2	0	1
1	1	1	1
2	3	2	3
1	1	1	1
3	2	1	2
1	1	1	1
1	1	1	1
1	1	0	2
1	1	3	1
2	1	1	1
7	3	2	7
1	1	1	1
1	1	1	1
1	1	0	1
1	1	1	1
3	1	1	3
2	1	1	2
0	1	0	1
2	1	1	3
3	2	0	2
1	1	1	1
1	1	0	1
0	1	1	0
2	1	1	2
1	2	1	2
2	1	1	2
1	1	1	1
2	1	1	2
1	2	1	1
1	1	1	1
2	1	2	2
1	1	1	1
2	2	1	2
2	3	2	1
1	1	1	1
1	1	1	1
1	1	1	1
1	1	2	1
1	1	1	1
4	2	2	4
1	1	1	1
1	1	1	1
1	1	1	2
2	2	2	2
5	4	4	4
0	1	1	0
1	1	1	1
1	1	1	1
1	1	1	1
1	1	1	1
2	2	2	2
1	1	1	1
2	1	2	2
1	1	2	1
1	1	1	1
1	2	1	2
1	1	1	1
0	1	1	0
1	1	1	1
1	1	2	1
1	1	0	1
2	3	3	2
2	1	1	2
2	1	3	2
4	3	2	4
4	1	1	8
1	1	0	2
1	1	1	1
1	1	1	1
1	1	1	1
1	1	1	1
2	1	1	1
1	1	1	1
2	2	1	2
0	1	1	0
2	1	1	2
1	1	1	1
0	1	1	0
1	1	1	1
1	1	1	2
0	2	1	0
1	1	1	1
2	2	1	2
1	1	1	2
1	1	2	1
1	1	0	1
0	1	2	0
1	1	1	1
1	1	1	1
1	1	0	1
1	1	1	2
2	1	1	2
0	1	1	0
3	2	2	4
1	3	1	1
0	1	1	1
0	1	1	0
0	1	1	0
1	1	1	1
1	1	1	1
2	1	1	2
1	1	1	1
1	1	1	2
1	1	0	1
1	1	1	1
2	2	1	2
1	1	1	1
0	1	1	0
0	1	1	0
2	1	1	1
1	1	1	1
1	1	1	2
2	1	2	2
1	1	1	1
1	1	0	1
1	1	0	1
1	1	1	1
1	1	1	1
2	1	1	1
0	2	1	2
2	3	2	2
1	1	1	1
1	1	1	1
1	1	1	1
1	1	1	1
3	12	13	7
2	1	1	2
1	1	1	1
1	1	1	1
1	1	1	1
2	1	1	2
2	1	2	1
1	1	0	1
1	1	0	1
1	1	1	1
2	3	2	2
1	1	0	1
1	1	1	1
3	2	2	3
2	1	1	2
1	3	1	2
0	1	1	0
0	1	1	0
1	1	0	1
3	3	1	3
1	1	1	1
4	2	2	4
2	1	1	1
2	1	1	1
1	1	1	1
1	1	1	2
1	1	1	1
2	2	1	2
1	1	1	1
0	1	1	0
1	1	1	1
1	1	1	1
1	1	1	1
0	4	1	0
1	1	1	1
1	1	1	1
1	1	1	1
1	1	1	1
1	1	1	1
1	1	1	1
1	3	3	1
1	1	1	1
1	1	0	1
1	1	2	1
3	1	1	3
1	1	1	1
1	1	1	1
1	2	1	3
2	1	1	1
1	1	1	1
1	1	1	1
2	2	2	2
1	1	1	2
0	2	2	0
1	1	1	1
1	2	1	1
1	60	19	0
1	1	1	1
1	1	1	1
1	2	1	2
1	1	1	1
2	1	2	1
1	12	7	2
1	1	1	1
1	2	1	1
3	2	1	3
1	1	1	1
1	1	1	2
1	1	1	1
2	3	1	1
1	8	5	4
0	1	1	0
0	1	1	1
1	2	1	1
1	2	1	1
1	1	1	1
1	1	1	2
1	1	0	1
0	1	1	0
2	2	1	1
1	1	2	1
1	1	0	1
2	2	2	9
2	2	2	3
1	1	1	1
1	1	1	2
2	1	3	1
0	1	1	1
2	1	1	3
2	1	1	2
2	1	1	1
1	2	1	3
1	1	1	1
1	1	1	1
1	1	1	1
1	1	1	1
1	1	1	1
1	1	1	1
0	1	1	0
1	1	1	1
3	2	2	3
2	2	2	2
2	1	1	1
1	1	1	1
1	1	1	1
1	1	2	2
1	1	0	1
1	1	0	1
1	1	1	1
1	1	1	1
2	2	1	2
2	2	2	2
2	2	2	3
1	1	1	1
5	1	1	5
1	1	0	1
1	1	1	1
1	1	1	1
8	11	9	8
2	2	1	2
1	1	1	1
1	1	0	1
3	1	1	3
1	1	1	1
1	1	1	1
0	1	1	0
0	1	1	0
1	1	1	1
0	3	2	0
1	1	1	1
1	1	1	1
2	2	0	0
1	1	1	1
1	1	1	1
2	2	2	2
1	1	1	1
0	1	1	0
0	1	0	1
2	2	2	2
1	1	1	1
1	1	1	1
1	1	1	1
1	1	1	1
1	1	0	1
1	1	1	1
2	1	1	2
1	1	1	1
1	1	1	1
0	1	1	0
1	1	1	1
1	1	1	1
1	1	1	1
1	1	1	1
1	1	1	1
1	1	1	1
1	1	1	1
1	1	3	1
1	1	1	1
0	1	1	1
1	1	1	1
1	1	1	1
0	2	2	0
3	2	1	3
1	1	1	1
1	1	1	1
1	1	1	1
3	1	2	3
1	1	1	1
0	1	1	0
1	1	1	1
1	1	1	1
0	2	1	0
1	1	1	1
1	2	2	1
1	1	1	1
1	1	1	1
2	1	2	2
1	1	1	2
1	1	1	1
1	1	1	1
1	1	1	1
1	1	1	1
1	1	1	1
2	1	2	2
5	3	2	5
1	1	1	1
1	1	1	1
1	1	1	1
1	1	1	1
1	1	0	1
1	1	1	1
1	1	1	1
1	1	1	1
1	1	1	1
1	3	0	1
1	1	0	1
1	1	1	1
1	1	1	1
1	1	1	1
1	1	1	1
1	1	0	1
2	1	1	2
1	1	1	2
1	1	1	1
1	1	0	1
0	3	2	0
1	1	1	1
2	1	1	2
1	1	1	1
2	2	2	2
0	1	1	0
1	1	1	2
1	3	2	1
1	1	1	1
1	1	0	1
1	1	0	1
1	1	1	1
1	1	1	1
1	1	1	1
1	1	1	1
1	1	1	1
1	2	2	1
2	2	1	2
1	1	2	1
1	1	1	1
0	1	1	1
1	1	1	1
1	1	1	1
1	1	1	1
1	1	1	1
2	1	1	2
1	1	1	1
2	1	2	2
0	2	1	0
1	1	1	1
1	1	1	1
1	1	1	1
1	1	1	1
1	1	1	1
1	1	2	1
1	1	1	1
2	1	1	2
1	1	1	1
2	2	2	2
2	1	1	1
1	2	1	1
1	1	1	1
3	1	1	3
1	1	1	1
1	1	1	1
2	2	1	2
1	1	1	1
1	1	1	1
1	1	1	1
1	1	1	1
0	1	1	0
2	1	1	2
2	2	1	1
1	1	1	1
1	2	1	1
0	1	1	0
1	1	0	1
0	1	0	1
0	2	1	1
1	1	1	1
1	1	1	1
1	1	1	1
1	1	1	2
2	1	1	2
2	1	1	2
2	1	1	1
3	2	1	3
1	1	1	1
1	1	2	1
1	1	0	1
1	1	1	1
1	1	1	1
2	3	1	1
1	1	0	1
1	1	0	1
1	1	1	1
3	2	2	3
1	2	1	1
1	1	1	1
1	1	1	1
0	1	1	0
1	1	1	1
1	1	1	1
2	1	1	1
1	1	1	1
1	1	1	1
0	1	0	1
1	1	1	1
1	1	1	1
1	1	1	1
2	1	1	2
0	1	1	0
2	1	2	1
2	2	1	2
1	1	0	1
0	1	1	0
1	1	1	1
3	7	0	4
2	3	3	2
1	1	1	1
1	1	1	1
1	1	1	1
1	1	1	1
1	1	1	1
0	1	1	1
9	10	7	10
2	2	2	2
1	2	1	1
1	1	0	1
1	1	1	1
1	1	1	1
1	1	1	1
1	1	1	1
2	2	2	2
1	1	1	1
1	1	1	1
1	2	1	2
1	1	1	1
1	1	1	1
3	1	2	3
1	1	1	2
1	1	1	1
0	1	1	1
1	1	1	1
1	1	1	1
1	1	1	1
1	1	1	1
2	1	1	2
1	1	1	1
1	1	1	1
1	1	1	1
1	1	1	1
1	1	1	1
2	1	1	2
1	1	1	1
1	1	1	1
1	1	0	1
1	1	1	1
0	1	1	0
1	2	1	1
1	1	1	1
3	2	2	3
1	1	1	1
1	1	1	1
1	1	1	1
0	1	1	0
0	1	1	0
1	1	1	1
1	1	1	1
3	5	1	3
1	1	1	1
1	2	2	1
2	1	1	1
1	2	1	1
0	2	1	2
3	1	1	3
1	1	1	1
2	1	1	2
1	1	1	1
0	1	1	0
1	2	0	1
7	56	0	23
0	1	1	0
1	1	1	1
1	1	1	1
7	5	2	9
1	1	1	1
4	2	1	3
1	2	1	1
1	1	0	1
1	1	1	1
1	1	1	2
1	1	1	1
1	1	1	1
1	1	1	1
1	1	1	1
1	1	1	1
1	1	1	1
2	2	2	3
3	4	3	3
1	1	1	1
1	2	1	1
2	1	1	2
1	1	0	1
1	2	1	1
1	1	1	1
1	1	1	1
1	1	1	1
5	4	3	5
1	2	1	1
3	3	3	3
1	2	2	1
1	1	0	1
1	3	1	2
1	1	1	2
1	1	1	1
1	1	1	1
1	2	1	1
1	1	1	1
1	2	1	1
1	1	1	1
1	1	1	2
1	1	1	1
1	1	1	1
0	1	1	0
1	1	1	2
0	1	1	0
2	2	1	2
2	1	1	2
1	1	2	1
0	1	1	0
1	1	1	1
2	2	1	2
1	1	1	1
1	1	1	3
1	1	1	1
1	1	1	1
1	1	1	1
1	1	1	1
1	1	1	1
7	15	11	6
1	1	1	1
5	4	1	5
0	1	1	0
2	4	4	3
2	1	1	2
1	1	1	1
3	2	1	3
1	1	1	1
1	1	1	1
1	1	1	1
1	1	1	1
1	2	0	1
0	1	1	0
2	1	1	2
2	1	0	2
2	2	2	2
1	1	2	1
2	2	2	2
2	1	1	2
2	1	1	2
2	1	1	2
1	1	1	1
1	1	1	1
1	1	1	1
1	1	1	1
1	1	0	1
3	2	2	3
0	1	1	0
1	1	1	1
1	1	0	1
1	1	1	1
3	2	2	3
1	2	1	1
3	2	2	3
1	1	1	1
2	1	1	2
1	1	1	1
1	1	1	1
1	1	1	1
1	1	1	1
0	1	1	0
1	1	0	1
1	1	0	0
1	1	1	1
0	1	1	0
1	1	1	1
0	1	1	0
0	1	1	0
1	1	1	2
2	1	1	1
1	1	1	1
1	1	1	1
1	1	1	1
2	1	1	1
2	2	2	2
0	1	1	1
1	1	0	1
1	1	0	1
1	2	1	1
1	1	1	1
1	1	1	1
1	1	1	1
2	1	1	2
0	2	1	0
3	3	2	2
1	1	1	1
1	1	2	1
3	1	1	4
1	1	1	1
2	1	1	2
0	5	1	0
1	1	1	1
1	1	1	1
1	1	1	1
1	1	1	1
1	1	0	1
2	1	1	1
4	7	5	8
1	2	0	0
1	1	0	3
1	1	1	1
1	1	1	1
1	1	1	1
1	1	1	1
1	1	1	2
2	1	1	2
1	2	1	1
1	1	2	1
1	1	1	1
0	1	1	0
2	3	3	2
1	1	1	1
0	1	1	0
2	1	1	2
1	1	1	0
1	1	1	1
2	1	2	2
1	1	1	1
1	1	1	1
4	8	9	6
2	2	2	2
1	1	1	1
1	1	1	1
1	1	1	1
2	1	1	2
1	1	1	1
3	2	1	2
0	1	1	0
1	1	1	2
1	1	1	1
1	1	0	1
1	1	1	1
2	1	2	2
1	1	1	1
2	3	2	2
1	1	1	1
1	1	1	1
2	1	1	2
1	1	1	1
0	1	2	0
1	1	1	1
0	1	1	0
1	1	0	1
1	1	1	1
1	1	1	1
1	1	0	1
1	1	1	1
1	6	1	1
1	1	1	1
1	1	1	1
2	3	1	2
1	1	1	2
0	1	1	1
2	2	2	2
0	1	1	0
1	1	0	1
0	12	1	0
1	1	1	1
0	1	1	0
2	1	1	3
1	2	0	1
2	1	1	2
0	1	1	0
1	1	2	1
0	1	1	0
0	1	1	0
1	1	1	1
3	2	2	3
1	1	1	1
3	1	1	3
1	1	1	1
2	1	1	2
3	2	2	4
1	1	1	1
1	1	1	1
5	3	3	4
1	4	1	1
2	3	1	2
2	2	2	2
1	1	2	1
0	1	1	0
1	1	1	1
1	1	1	1
1	1	1	1
2	1	1	2
0	1	1	0
2	1	0	2
1	1	1	1
2	1	1	1
1	1	2	1
1	1	1	1
1	1	1	1
1	1	1	1
1	1	1	1
2	1	1	2
2	1	1	1
1	1	0	1
0	2	1	0
0	2	1	0
1	1	1	1
1	1	0	1
3	2	1	3
1	1	1	1
1	1	0	1
2	1	1	2
0	1	1	0
1	1	1	1
1	1	1	1
1	1	1	1
1	1	1	1
1	1	1	1
2	1	1	1
0	1	1	0
2	1	1	2
1	1	0	1
1	1	1	1
1	1	0	1
1	1	1	1
1	1	1	1
1	1	1	1
3	1	1	2
0	1	1	0
1	1	0	1
1	1	0	1
1	1	1	1
0	1	1	0
1	1	1	1
0	1	1	0
1	1	1	1
1	1	1	1
1	1	1	1
2	1	1	2
0	1	2	0
3	1	1	1
2	1	1	2
1	1	1	1
1	1	1	1
0	1	3	2
1	1	1	1
3	2	2	4
1	1	1	1
0	1	1	0
1	2	2	1
1	1	0	1
1	1	0	1
1	1	1	1
0	1	1	1
1	1	1	1
3	1	1	3
1	1	1	1
1	1	1	1
2	3	2	1
2	1	1	2
1	1	1	1
4	3	1	3
0	2	1	0
1	1	1	1
1	1	3	1
1	1	1	1
3	1	2	3
1	1	1	1
1	1	1	1
1	1	1	1
2	1	1	2
1	1	0	1
1	1	1	2
8	4	4	8
1	2	1	1
0	1	1	0
1	1	1	1
1	1	1	1
2	2	1	1
1	1	1	1
1	1	1	1
2	2	2	2
4	3	1	3
1	2	0	1
2	3	33	1
1	1	1	1
1	1	0	2
2	2	2	2
1	1	1	1
2	1	1	2
1	1	1	1
0	4	0	1
1	1	1	1
2	1	1	1
1	1	1	1
1	1	1	1
2	4	2	2
1	3	2	1
1	1	1	1
2	1	1	1
2	1	1	1
2	1	1	1
0	1	1	0
1	1	1	1
0	2	1	1
1	1	0	1
1	1	1	1
1	1	1	2
3	3	2	3
2	1	0	2
2	1	1	2
0	1	1	0
1	1	2	1
3	1	0	2
2	1	1	1
1	1	1	1
1	1	1	1
3	1	1	3
1	1	1	1
1	1	1	1
1	1	2	1
1	3	2	2
3	2	1	3
1	1	1	1
2	1	1	2
1	1	1	1
3	2	2	3
2	1	2	1
1	2	1	1
1	2	1	1
1	1	1	1
2	1	1	2
1	1	1	1
1	1	1	1
1	1	1	1
2	1	0	2
1	1	1	1
2	1	1	2
3	1	1	3
1	1	1	1
0	1	1	0
1	1	1	1
2	1	1	2
1	1	1	1
2	1	1	3
1	1	1	1
2	1	1	1
1	2	1	1
1	1	1	2
1	1	1	1
1	1	1	1
0	24	6	0
1	1	1	1
1	1	0	1
2	2	2	2
1	1	2	1
1	1	1	1
1	1	1	1
1	1	1	1
1	1	1	1
1	2	1	1
1	1	0	1
2	1	1	2
1	1	1	1
2	3	2	2
2	1	1	2
1	1	1	1
1	1	1	1
1	1	1	1
1	1	1	1
1	1	1	2
1	1	1	1
1	1	1	1
2	3	3	2
2	1	1	2
1	1	1	1
2	1	0	1
1	1	1	1
2	1	1	2
1	1	1	1
2	1	1	1
0	2	1	0
2	2	2	2
1	1	1	1
1	1	1	1
1	2	1	1
1	1	1	1
1	1	1	1
1	1	1	1
1	1	0	1
1	2	1	1
1	1	1	1
1	1	1	1
1	1	1	1
0	1	1	0
1	1	1	1
0	1	1	1
1	1	1	1
2	1	1	2
1	1	1	1
1	1	1	1
2	1	1	2
1	1	0	1
1	1	1	1
1	1	1	1
1	1	1	1
1	1	0	1
1	1	1	0
1	1	1	1
1	1	1	1
0	1	1	0
1	1	1	1
0	1	1	0
1	1	1	1
1	1	1	1
2	3	2	2
1	1	1	1
1	1	1	1
1	1	1	1
1	1	1	1
1	2	2	1
1	1	1	1
1	1	2	1
1	1	1	1
1	1	1	1
1	2	1	1
1	1	0	2
2	1	1	1
0	1	1	0
2	1	1	2
1	1	1	1
1	1	1	1
4	2	2	3
1	1	1	1
2	1	0	2
2	1	1	1
1	1	1	1
2	1	1	1
1	1	1	1
5	4	4	3
1	1	1	1
3	1	1	2
1	1	0	1
2	2	1	1
2	1	1	2
2	1	1	2
1	1	1	1
1	1	1	1
1	1	0	1
2	3	2	2
0	1	1	0
1	1	1	1
1	1	1	1
1	1	1	1
2	1	1	2
1	1	0	1
1	1	1	1
1	1	1	1
1	1	0	1
1	1	0	1
2	2	1	2
2	1	1	2
1	1	1	1
1	1	1	1
1	1	0	1
0	1	1	0
2	2	2	2
2	2	2	2
0	1	1	0
1	1	1	1
1	1	1	1
1	1	1	1
1	1	1	2
1	1	1	1
1	1	1	1
1	1	1	2
1	1	1	2
4	3	3	3
2	1	0	2
2	1	1	2
1	4	1	1
2	1	1	3
0	1	1	0
1	1	1	1
1	1	1	1
1	1	1	1
4	25	10	9
0	1	1	0
1	1	1	1
1	1	1	1
2	1	1	2
2	1	1	2
0	1	2	0
1	1	0	1
1	1	1	1
1	1	1	1
2	2	3	2
1	1	1	1
1	2	1	1
1	2	2	1
1	1	1	1
2	2	1	2
3	1	1	3
1	1	0	1
1	1	0	1
1	1	1	1
1	1	1	1
1	1	1	1
1	1	1	1
1	1	0	1
1	2	1	1
1	1	1	1
3	3	3	3
1	1	1	1
1	1	1	1
1	1	1	1
2	2	1	2
1	1	1	1
0	1	1	0
1	1	1	1
1	1	1	1
1	2	1	1
0	1	1	1
1	1	1	1
0	1	1	0
1	1	2	1
2	2	2	2
1	1	1	1
1	1	1	1
1	1	1	1
2	2	2	2
1	1	1	1
3	3	2	2
2	1	1	2
1	1	1	1
1	1	1	1
2	1	1	2
0	1	1	1
1	1	1	1
0	1	1	0
1	1	1	1
1	1	1	1
1	1	0	1
1	1	1	1
0	1	1	1
1	1	1	1
1	1	1	1
1	1	1	1
1	1	1	1
1	1	1	1
1	1	1	1
1	1	1	1
2	1	1	2
1	1	1	1
1	1	1	1
1	1	1	1
0	2	1	0
1	2	1	1
2	3	2	2
1	1	1	1
0	1	1	0
1	1	1	2
1	1	1	1
1	1	1	1
1	1	1	1
3	2	1	3
2	2	1	1
2	1	1	1
1	1	1	1
0	1	1	0
0	1	1	0
0	1	1	0
0	1	1	0
1	2	1	1
1	1	0	1
2	1	1	2
1	1	1	1
1	2	1	5
2	1	1	2
1	1	1	1
2	1	1	2
1	1	1	1
1	1	1	1
1	1	1	1
1	2	1	1
1	6	2	2
0	1	1	1
0	1	2	1
1	1	1	1
1	1	1	1
2	1	1	1
1	1	1	1
3	2	1	2
1	1	1	1
4	3	2	4
1	1	1	1
1	2	1	1
1	1	1	1
1	1	1	1
0	1	1	0
0	1	1	0
1	1	1	1
2	4	2	2
1	1	1	1
1	1	0	1
1	1	1	1
1	1	1	1
1	1	1	1
2	2	2	2
1	1	1	1
1	1	1	1
1	1	1	1
1	2	2	1
1	1	2	1
1	1	1	1
1	1	1	1
2	1	0	1
1	1	1	1
1	1	1	2
1	1	2	1
1	1	1	1
3	2	1	3
2	2	2	2
1	1	1	1
1	1	1	1
1	1	1	1
1	1	1	1
1	1	1	1
2	1	1	2
1	1	1	1
2	2	1	2
1	1	0	1
1	1	1	1
2	1	1	2
1	1	1	1
1	1	1	1
1	1	1	1
0	1	1	0
1	1	1	1
5	2	1	5
2	1	0	2
1	1	1	1
0	1	1	0
3	2	1	2
1	1	0	1
0	1	1	0
1	1	1	1
1	1	1	1
2	2	2	2
1	1	1	1
1	2	1	1
1	1	1	1
1	1	1	2
1	1	1	1
1	2	0	1
1	1	1	1
1	2	2	1
0	1	1	0
1	1	1	0
2	1	0	2
1	1	1	1
1	1	1	1
2	1	0	2
0	2	1	0
1	1	1	1
1	1	1	1
1	1	1	1
1	1	0	1
1	1	0	1
1	1	1	1
0	1	1	0
0	1	1	0
1	1	0	1
1	1	1	1
0	1	1	0
8	5	3	8
3	2	1	3
1	1	1	1
1	1	1	2
1	1	0	1
3	1	1	1
1	1	1	1
1	1	1	1
1	1	1	1
1	1	0	1
1	1	1	1
1	2	1	1
3	2	2	3
0	1	1	1
1	1	1	1
1	1	0	1
1	1	1	1
1	1	1	1
3	2	2	3
2	2	0	2
1	1	1	1
0	1	1	0
1	1	1	1
1	1	1	1
0	1	1	0
1	1	2	1
2	1	1	2
1	1	1	1
1	1	1	1
1	1	1	2
1	1	1	1
0	1	1	0
1	1	1	1
1	1	1	1
1	1	0	1
1	1	1	1
1	1	0	1
1	1	1	1
0	1	1	0
1	5	0	2
0	1	1	0
1	1	1	2
1	1	1	1
1	4	1	1
2	1	0	1
1	1	1	1
1	1	1	1
1	1	1	1
2	13	3	2
1	1	1	1
2	1	1	3
1	1	1	1
1	1	1	1
1	1	1	1
1	1	1	1
1	1	1	2
2	1	1	2
1	1	1	1
1	1	0	1
2	2	2	2
0	1	1	1
1	1	1	1
1	1	1	1
1	1	1	1
0	1	1	0
2	1	1	2
1	1	1	1
1	1	1	1
0	1	1	0
1	1	1	1
2	1	2	2
1	1	1	1
1	1	0	1
1	1	1	1
3	1	0	1
1	1	1	1
1	1	0	1
1	1	1	1
1	1	1	1
1	1	1	1
1	2	1	1
1	1	1	2
1	2	1	1
1	1	1	1
1	1	1	1
2	1	1	1
0	1	1	0
1	1	1	1
0	3	1	0
1	1	1	3
2	1	1	1
1	1	1	1
3	2	2	3
2	2	2	2
0	1	1	0
3	3	2	3
2	1	1	2
1	2	1	1
2	1	1	2
1	1	2	1
1	1	1	1
2	1	1	2
1	1	1	1
2	1	0	2
1	1	1	1
3	1	1	2
0	1	2	0
1	1	2	1
0	1	1	0
1	1	1	2
4	3	2	3
1	1	1	1
1	1	1	1
1	1	0	1
2	2	1	2
1	1	1	2
2	1	1	2
1	1	1	1
1	1	0	1
2	3	1	4
0	1	1	1
1	1	1	2
1	1	1	1
2	2	2	2
4	3	3	4
0	1	1	1
1	1	1	1
3	9	2	9
1	1	1	1
1	1	0	1
0	1	1	0
2	1	1	2
1	4	2	2
0	1	1	0
1	1	1	1
1	2	1	1
1	1	1	1
1	2	2	1
1	1	1	1
10	5	4	10
1	2	1	1
2	1	1	1
1	1	1	2
1	1	1	1
2	1	1	2
2	2	1	2
1	1	1	1
2	1	0	2
0	4	1	2
6	12	2	13
1	2	1	1
1	1	1	1
1	1	1	1
2	1	1	2
1	1	1	1
1	1	1	1
15	13	9	13
1	1	1	1
3	7	0	1
1	1	1	1
1	1	1	1
1	1	1	1
1	1	1	1
1	1	1	2
1	1	1	1
1	2	1	1
1	1	1	1
0	1	1	0
1	1	1	1
1	1	1	2
1	1	1	1
1	2	1	1
2	1	1	2
0	2	2	2
1	1	1	1
1	1	0	1
1	1	1	1
2	3	2	2
2	1	1	2
1	1	1	1
1	1	1	1
1	1	1	1
0	1	1	0
1	1	1	1
1	1	1	1
1	1	0	0
1	1	1	1
1	1	1	1
1	1	0	1
1	1	1	1
1	1	1	1
1	1	0	1
2	1	1	2
0	1	1	0
1	1	1	1
1	4	3	1
1	1	2	1
5	6	4	8
1	5	2	2
1	2	2	1
1	1	1	2
1	1	1	1
0	1	1	0
1	1	1	1
1	1	1	1
2	1	1	2
2	2	1	2
1	1	1	1
1	1	1	1
1	1	1	1
1	1	1	1
1	1	1	1
1	1	0	1
2	1	1	1
2	1	1	2
1	1	1	1
1	2	1	1
1	1	1	1
1	1	1	1
1	1	1	1
1	1	1	1
1	1	1	1
1	1	0	1
1	1	2	2
1	1	1	1
1	1	1	1
3	2	2	3
0	1	1	1
1	1	1	1
1	1	1	1
2	11	0	0
1	1	1	1
1	2	1	1
1	1	2	1
2	1	1	3
1	1	1	1
2	1	0	1
1	1	1	1
2	1	1	2
3	1	1	2
1	1	0	1
0	1	1	1
1	1	1	1
3	1	1	2
1	1	1	1
1	1	2	1
1	2	2	1
2	8	3	1
1	1	1	1
1	1	1	1
1	1	1	1
1	1	1	1
1	1	2	1
1	1	0	2
1	1	0	1
1	2	1	1
3	2	1	3
1	1	1	1
0	1	1	0
1	1	0	1
2	1	1	2
1	1	1	1
3	2	2	3
1	1	1	1
0	1	1	1
1	1	1	1
1	1	1	1
1	1	0	1
1	1	1	1
1	1	1	1
1	1	1	1
1	1	1	1
0	1	1	1
1	1	0	1
3	4	3	3
2	3	3	3
2	1	0	2
1	1	1	1
1	1	1	1
1	1	1	1
1	1	1	1
1	2	1	1
1	1	0	1
1	1	1	1
1	1	0	1
1	1	1	1
1	1	1	1
1	1	1	1
1	1	1	1
1	1	1	2
1	1	1	1
1	1	0	1
3	1	1	3
0	1	1	1
1	1	1	1
0	1	1	0
1	1	1	1
3	2	2	2
2	2	1	2
1	2	1	1
0	2	1	0
1	1	1	1
2	1	2	2
1	1	0	1
1	1	1	1
1	1	1	1
2	1	1	1
1	1	1	1
0	1	0	1
8	6	5	10
1	2	2	1
2	1	1	2
2	2	2	2
1	1	1	1
1	1	1	1
1	2	0	1
1	2	0	1
0	1	2	0
1	2	1	1
2	1	1	2
3	2	2	3
2	2	2	1
3	51	0	0
2	1	1	2
1	2	2	1
1	1	1	1
1	1	4	1
2	1	1	2
2	2	1	2
2	1	1	2
2	2	2	4
2	1	1	2
1	2	1	1
4	2	1	3
1	1	0	1
1	1	1	1
1	1	1	1
1	1	1	1
1	1	0	1
1	1	1	1
1	1	1	1
1	1	1	1
1	1	1	1
1	1	0	1
1	2	0	1
1	1	0	1
1	1	1	1
1	2	1	1
1	1	1	1
1	1	1	1
1	1	0	1
1	1	1	1
1	1	1	1
1	1	1	1
2	1	1	2
3	2	2	3
2	1	1	2
1	1	1	1
1	1	1	1
1	1	1	1
1	1	1	1
1	1	1	1
0	1	1	0
1	1	0	1
1	1	1	1
1	2	1	1
1	1	1	1
1	1	1	1
1	1	1	1
1	2	1	1
1	1	1	1
1	1	1	1
1	1	1	1
0	1	1	0
4	2	0	4
1	1	1	1
1	1	1	1
2	2	1	2
1	1	1	1
1	1	1	1
2	1	1	2
1	1	1	1
1	1	1	1
1	2	2	1
1	1	1	1
1	2	1	1
1	2	1	1
0	1	1	0
0	1	1	0
1	1	1	1
2	1	1	2
1	1	2	1
1	1	1	1
1	2	1	1
0	1	1	0
1	1	1	1
2	2	1	2
0	1	2	0
1	1	1	1
1	1	1	1
1	1	0	2
1	1	0	1
1	1	1	1
2	1	1	2
1	1	1	1
2	1	1	2
2	1	1	2
1	1	1	1
2	1	1	2
1	1	1	1
1	2	1	1
1	1	1	1
2	1	1	1
0	1	1	0
1	1	2	1
1	1	1	1
2	1	1	2
1	1	1	1
1	1	1	1
1	1	0	1
1	1	1	1
0	1	0	2
1	1	1	1
1	1	1	1
1	1	3	1
1	2	2	2
4	2	2	4
1	1	1	1
1	1	1	1
2	1	1	2
1	1	1	1
3	5	3	3
2	2	1	2
3	7	0	2
1	2	1	1
1	2	2	3
1	1	1	1
1	1	1	1
2	1	1	2
1	1	1	1
1	2	2	1
2	1	1	2
1	1	1	1
1	1	1	1
2	1	1	2
0	1	0	1
1	1	1	1
1	1	1	1
2	2	2	2
1	1	1	1
1	1	1	1
2	1	1	2
1	1	1	1
5	2	2	4
1	1	1	2
1	1	0	1
1	1	1	1
0	1	1	0
1	1	1	1
2	1	1	2
1	1	0	1
1	2	2	1
2	1	1	2
3	2	2	3
1	3	3	1
1	1	1	1
1	1	1	1
2	2	1	2
3	3	2	3
2	1	1	2
2	1	1	2
2	1	1	1
1	1	1	1
1	1	1	0
1	1	1	1
1	1	1	1
1	2	1	1
1	1	1	1
1	4	1	1
1	1	0	0
1	1	1	1
1	2	2	2
0	1	1	1
0	1	1	0
1	1	1	1
2	2	1	1
1	3	0	2
0	1	1	0
1	1	1	1
1	1	1	1
2	3	3	2
2	1	1	3
1	2	1	1
3	2	2	3
1	1	1	1
1	1	0	1
2	1	1	2
1	1	1	1
13	20	6	13
3	4	1	1
1	2	1	1
1	1	1	1
1	1	1	1
1	1	1	1
1	1	0	1
1	1	1	1
2	2	1	2
1	1	2	1
1	2	2	1
1	1	1	1
3	1	1	3
2	1	1	2
1	1	1	1
1	1	1	1
2	2	2	2
1	2	2	1
1	1	1	1
1	1	0	1
2	1	1	2
2	11	0	1
1	1	0	1
1	1	1	1
1	1	1	1
1	1	1	1
1	1	1	1
1	1	1	1
1	1	1	1
2	1	1	2
1	1	1	1
2	1	1	1
10	8	6	10
1	1	1	1
1	1	1	1
3	1	1	3
2	1	1	2
1	1	1	1
0	1	1	0
1	1	0	1
1	1	0	1
1	1	0	1
2	1	2	2
5	2	2	3
1	1	1	1
1	1	1	1
1	1	1	1
2	1	1	1
0	1	1	0
1	1	1	1
4	4	2	9
2	1	1	1
0	1	1	0
2	1	1	2
0	1	1	2
2	2	1	3
1	2	2	1
1	1	1	1
1	1	0	0
2	1	1	2
1	1	1	1
2	3	3	2
2	1	1	2
1	1	1	1
3	2	2	2
1	1	0	1
1	1	0	1
1	1	1	1
1	1	1	1
1	1	1	1
2	1	0	3
1	1	1	1
1	1	0	1
1	1	1	1
2	2	2	2
2	2	1	2
1	1	1	1
4	2	2	2
1	1	1	1
0	1	1	1
2	2	2	2
0	1	1	0
0	1	12	0
1	1	1	1
1	2	2	1
1	1	1	1
2	1	1	3
1	1	1	1
2	3	2	2
1	1	1	1
2	1	0	2
1	1	0	1
1	5	1	4
1	1	0	1
1	1	1	1
2	1	1	2
0	1	1	0
1	1	1	1
1	1	1	1
1	1	1	1
1	1	1	1
1	1	2	1
1	1	1	1
5	5	4	5
1	2	1	1
1	1	1	1
1	1	1	1
0	1	1	0
0	1	1	0
1	1	1	1
2	1	1	1
1	2	2	1
1	1	2	1
1	1	1	1
2	1	1	1
2	1	4	2
1	1	1	1
1	1	1	1
1	1	1	1
1	2	1	1
1	1	1	1
4	3	1	4
1	1	1	1
0	1	0	1
1	1	1	1
1	1	1	1
2	1	1	1
1	1	1	1
2	2	0	2
1	2	1	1
1	1	0	1
0	1	1	0
1	1	1	1
1	1	1	1
1	1	1	1
1	1	1	1
2	1	1	2
1	1	1	2
1	1	1	1
2	1	1	2
1	1	1	1
1	1	0	1
0	1	1	0
0	1	1	0
1	1	1	1
0	1	1	0
1	1	0	1
1	1	2	1
1	1	1	1
1	1	1	2
1	1	1	1
1	1	1	2
1	1	1	1
1	1	1	1
1	1	0	1
3	2	2	3
1	2	2	1
1	1	1	1
1	1	1	1
0	2	2	1
1	1	0	2
1	2	1	1
1	1	1	1
0	1	0	1
1	1	1	1
1	1	1	1
1	1	1	2
0	1	1	0
1	1	1	1
1	1	1	1
1	1	1	1
1	1	1	1
0	1	1	0
1	1	0	1
1	1	1	1
1	1	1	1
1	1	1	1
1	1	1	1
1	1	1	1
1	1	1	1
1	2	1	1
0	1	0	1
1	2	1	1
1	1	1	1
0	1	2	0
0	1	0	1
1	1	1	1
1	1	1	1
1	1	0	1
0	5	1	0
1	1	1	1
1	2	1	2
1	2	1	1
1	1	1	1
2	1	1	2
0	1	1	0
1	1	1	1
1	1	1	1
1	1	1	1
2	1	1	2
2	2	1	1
1	1	1	1
1	1	0	1
1	2	1	1
1	1	1	1
1	1	1	1
1	2	2	1
3	2	2	3
1	4	1	1
1	1	2	1
2	1	3	1
1	2	1	1
1	2	1	1
1	1	0	1
1	1	0	1
1	1	0	1
4	5	3	5
1	1	1	2
1	1	1	1
0	1	0	1
0	1	1	0
1	2	1	1
1	1	1	1
1	4	1	0
1	1	1	1
1	1	1	1
1	1	1	1
1	1	1	1
1	1	0	1
1	1	1	1
1	3	2	1
0	1	2	0
1	1	2	1
1	1	1	1
3	3	1	7
1	2	1	1
1	1	0	0
2	1	1	2
2	1	1	2
1	1	1	1
2	2	1	2
0	1	1	0
1	1	1	1
1	1	1	1
1	1	3	1
1	1	0	1
2	2	2	2
1	1	1	1
1	1	1	1
2	2	1	2
2	1	0	2
1	1	1	1
1	1	1	1
1	1	1	1
1	1	0	1
1	1	1	1
1	1	3	1
2	1	1	2
1	1	1	1
1	1	0	1
0	1	1	0
1	1	1	1
1	1	0	1
2	1	1	1
0	1	2	0
2	1	1	2
1	1	1	1
1	1	1	1
1	1	1	1
0	1	1	0
1	2	1	1
1	2	1	1
2	2	0	1
2	1	1	2
1	1	1	1
1	1	1	1
1	1	1	1
0	1	1	0
2	1	1	2
1	1	1	1
2	1	1	2
3	2	2	3
1	2	1	1
1	1	1	1
2	1	1	2
0	2	0	1
3	2	2	3
1	1	1	1
1	1	1	1
1	1	2	2
1	1	1	1
3	2	1	4
1	2	1	1
1	1	1	1
0	1	1	1
2	2	1	2
1	1	1	1
1	1	1	1
2	2	1	2
2	1	1	1
1	1	1	1
3	1	1	3
0	1	0	1
1	1	2	1
0	1	1	0
1	1	1	1
1	2	1	1
1	1	1	1
3	2	2	3
0	1	1	0
1	1	2	1
0	1	1	0
1	1	1	1
1	1	1	1
1	1	1	1
1	1	2	1
1	1	1	1
2	1	1	1
0	1	1	0
1	2	1	4
0	1	1	0
0	1	1	0
1	2	1	0
1	2	1	1
2	1	0	2
1	2	2	1
2	2	1	2
1	1	1	1
1	1	1	1
0	1	1	0
1	1	0	1
2	1	1	2
1	1	1	2
1	1	1	1
1	1	1	1
1	1	1	1
1	1	1	1
1	1	1	1
1	1	1	1
2	2	2	2
2	2	1	2
2	1	0	1
2	2	1	3
1	1	1	1
1	1	1	1
1	1	1	1
0	1	1	0
1	1	1	1
1	1	1	1
1	1	1	1
2	1	1	3
1	1	2	4
1	1	1	1
1	1	1	1
1	1	0	1
4	3	3	4
1	1	1	1
1	1	1	0
1	2	1	1
1	1	1	1
0	1	1	0
1	1	1	1
2	1	1	2
1	1	1	1
1	1	1	1
1	1	0	1
1	1	1	1
1	1	1	1
1	1	1	1
1	1	1	1
1	1	2	1
1	1	1	1
1	1	1	1
1	1	1	1
1	2	2	1
1	1	1	1
1	1	1	1
0	1	1	0
1	3	1	2
1	1	0	1
3	2	1	3
2	1	1	2
1	1	2	2
1	1	1	1
1	1	1	1
1	2	1	1
1	1	0	1
0	1	1	0
1	1	1	1
0	1	1	0
0	6	0	4
1	2	1	1
2	2	1	2
2	1	1	2
1	1	1	0
1	1	1	1
2	1	1	2
1	1	1	1
1	1	1	1
1	1	1	1
1	1	1	1
1	1	1	1
1	1	0	1
2	1	1	1
1	1	1	1
2	1	1	1
1	3	2	2
1	1	0	1
1	2	2	4
1	2	2	1
1	1	1	1
2	2	1	2
2	1	1	2
1	1	1	1
1	1	1	1
3	2	2	2
1	1	1	1
1	1	0	1
1	1	1	1
2	3	3	2
1	1	1	1
1	1	1	2
0	1	1	0
1	1	1	1
2	1	0	1
2	1	1	2
1	1	1	2
1	1	1	1
1	1	1	2
1	1	0	1
1	1	1	1
4	2	2	3
2	1	1	2
1	1	2	1
1	2	1	1
2	4	2	3
7	14	10	6
1	1	3	1
1	1	1	1
1	1	1	1
2	1	1	2
1	1	1	1
2	3	2	2
2	1	1	2
2	1	1	1
0	1	2	0
1	1	1	1
1	1	1	1
1	1	3	1
0	1	1	0
0	1	1	0
1	1	1	1
1	1	1	1
1	1	1	1
3	1	4	3
0	1	1	0
2	2	1	2
2	1	1	2
3	2	3	2
1	1	1	1
1	1	1	1
1	1	1	1
1	1	1	1
1	1	1	1
1	2	1	1
1	1	1	1
1	1	1	0
1	2	2	1
18	10	2	24
1	1	1	1
2	1	1	2
1	1	1	1
1	1	1	1
1	1	1	1
1	1	2	1
1	1	1	1
0	1	1	1
1	1	1	1
1	1	1	0
1	1	1	1
0	1	0	1
2	2	2	2
1	2	0	1
1	1	1	1
1	1	1	1
3	3	2	3
1	1	1	1
1	1	1	1
2	1	1	2
1	1	1	1
4	3	1	4
2	2	1	2
1	1	1	1
1	1	1	1
1	1	0	1
3	1	0	4
2	2	1	1
1	1	2	1
1	1	1	1
1	2	1	1
1	1	1	1
3	3	3	3
1	1	1	1
1	1	1	1
1	1	1	1
1	1	1	1
7	14	9	10
1	1	1	2
3	1	2	1
2	2	1	2
1	1	1	1
1	1	1	1
2	1	1	2
1	1	1	1
2	1	1	2
2	1	1	1
1	1	0	1
1	2	1	1
2	1	1	1
1	1	1	1
1	1	1	1
2	1	1	2
1	1	2	1
2	1	1	2
1	1	1	1
1	1	1	1
6	6	3	8
0	1	1	0
1	1	1	1
2	1	1	2
1	1	1	1
1	1	1	1
1	1	1	1
1	1	1	1
1	1	1	1
1	1	3	1
1	1	1	1
1	1	1	1
1	1	1	1
2	1	1	2
1	1	1	1
1	1	1	1
2	1	1	2
2	1	1	4
2	2	1	2
2	1	2	2
1	1	1	1
2	1	1	2
1	1	1	1
2	1	2	2
1	1	1	1
1	1	1	1
2	1	1	2
0	2	2	2
1	1	1	1
3	5	3	3
1	1	1	1
1	1	1	1
1	1	1	1
1	1	1	1
1	1	1	1
1	1	1	1
1	1	1	2
1	1	1	1
1	1	0	1
1	1	1	1
3	5	3	3
1	1	1	1
1	1	1	1
0	1	1	0
1	1	1	1
0	1	1	0
1	1	2	1
1	1	1	2
1	1	1	2
1	8	2	2
4	2	2	3
1	1	1	1
0	1	1	0
2	1	1	2
2	2	1	2
5	3	3	5
0	1	1	0
1	1	1	1
1	1	1	1
1	1	1	1
1	1	0	1
2	1	1	2
1	2	1	3
1	1	1	1
1	1	1	1
2	3	3	3
1	1	1	1
2	1	1	2
9	5	3	9
2	2	1	2
3	1	0	2
1	1	1	1
1	1	1	1
3	1	1	2
3	3	2	3
2	1	1	2
0	1	1	1
1	3	0	1
1	1	2	1
0	2	1	0
1	1	1	1
2	2	1	2
3	5	3	3
1	1	1	1
1	1	1	1
1	1	1	1
2	1	1	2
1	1	1	1
1	1	1	1
1	1	1	1
1	1	0	1
1	1	2	1
1	1	1	1
1	1	0	1
5	3	3	4
1	1	1	1
1	1	1	1
0	4	1	0
1	2	2	1
0	1	1	0
1	1	1	1
2	1	1	2
1	1	1	1
1	1	1	1
8	3	2	5
1	1	1	1
1	1	1	1
2	1	1	2
1	1	1	1
0	2	1	0
1	1	1	1
2	1	1	2
1	1	1	1
1	1	0	1
0	1	1	0
1	1	1	1
2	1	1	2
1	1	1	1
1	3	0	1
2	2	2	2
1	1	1	1
1	1	1	1
4	2	2	4
1	1	1	2
2	1	2	2
1	1	1	1
3	2	2	3
2	2	2	2
1	1	1	1
1	2	1	1
1	1	1	1
1	1	1	2
1	1	1	1
1	1	1	1
1	1	0	1
1	1	0	1
1	1	1	2
2	2	1	2
2	1	1	1
0	1	1	0
1	2	2	1
2	1	1	1
1	1	1	1
1	1	1	1
1	1	1	1
1	1	2	1
1	2	1	2
1	1	1	1
1	1	1	1
1	1	0	1
1	1	1	1
1	2	2	1
1	5	0	1
1	1	1	1
0	1	1	0
0	1	1	1
1	1	0	1
1	1	1	1
0	1	1	0
1	1	1	1
2	1	1	2
1	1	1	1
1	1	1	1
5	16	5	15
1	1	1	1
1	1	1	1
0	1	2	0
1	1	1	1
1	1	1	1
1	1	1	1
2	2	2	2
1	1	2	1
1	2	1	1
2	1	1	1
1	1	1	1
0	1	1	0
2	2	2	2
0	1	1	0
1	1	1	1
2	1	1	2
1	1	1	1
2	2	1	5
1	1	1	1
1	1	1	1
1	1	1	1
1	1	1	1
1	1	0	0
0	1	1	0
1	1	1	1
1	1	0	1
1	1	0	2
1	1	1	1
0	1	1	0
1	1	1	1
1	1	1	1
1	1	1	1
1	1	1	1
4	1	2	4
1	1	1	1
3	1	1	2
1	1	1	1
0	1	1	0
1	1	1	1
1	1	1	1
1	1	1	1
1	1	1	1
1	1	0	1
1	1	1	2
1	1	1	1
1	1	1	1
1	1	1	1
1	1	1	1
1	1	1	1
1	1	1	1
1	1	1	1
0	1	1	1
1	2	1	1
1	1	0	2
0	1	1	1
1	2	1	1
1	1	1	1
1	1	1	1
1	1	1	1
1	1	1	1
7	2	3	9
1	1	1	1
1	2	2	2
0	1	1	0
1	1	1	1
2	1	1	2
1	1	1	1
1	1	1	1
3	2	3	3
1	1	1	1
2	1	1	2
1	1	1	1
3	3	3	4
1	1	1	1
1	1	0	1
1	1	1	1
1	1	1	1
1	1	1	1
2	1	1	2
1	1	1	1
1	1	1	1
1	1	0	2
1	1	0	2
1	1	1	1
1	1	1	1
2	1	1	2
2	1	1	2
1	1	1	1
2	2	1	2
1	1	2	1
1	1	2	1
1	1	1	1
1	1	1	1
1	1	1	1
1	1	0	1
1	1	0	1
1	1	1	1
1	1	0	1
0	2	0	1
0	1	1	1
2	2	2	2
1	1	0	1
1	1	1	1
2	2	1	3
1	1	1	1
1	1	1	1
1	1	1	1
1	5	1	1
1	1	0	0
1	1	1	1
1	1	2	1
2	2	2	3
0	2	1	0
0	1	1	0
0	1	1	0
1	1	1	1
1	2	1	1
1	1	1	1
1	1	2	1
1	1	1	1
4	4	3	4
1	1	2	1
0	1	1	0
0	1	1	0
1	2	2	1
1	1	1	1
1	1	1	1
1	1	0	1
1	3	1	1
1	1	0	1
1	2	0	1
1	1	1	1
0	2	1	0
1	1	1	1
1	2	1	1
1	3	1	1
1	1	1	1
1	1	1	1
2	1	1	1
1	1	1	1
0	1	1	0
2	2	3	1
1	1	1	1
2	2	3	2
2	1	1	2
1	1	2	1
1	1	1	1
2	1	0	2
2	2	2	2
1	1	0	0
1	1	1	1
2	1	1	1
1	1	0	1
1	1	1	1
2	1	1	2
1	2	2	1
1	1	1	1
0	1	1	0
2	1	2	2
2	1	2	2
1	2	1	1
0	17	0	1
1	1	1	1
2	1	1	2
1	1	2	1
2	1	1	2
1	4	1	1
1	1	1	1
1	1	0	1
1	1	1	1
2	1	1	2
0	3	1	0
1	1	1	1
1	1	1	1
1	1	0	1
0	1	1	1
1	1	1	1
1	2	1	2
1	1	1	1
3	9	2	1
1	1	1	1
1	1	1	1
1	1	1	1
2	2	2	2
0	1	1	0
0	1	1	0
0	1	1	0
1	1	1	1
1	1	0	1
9	2	1	18
1	1	1	1
1	1	1	2
1	1	1	1
1	1	1	1
0	1	1	0
2	2	2	2
1	1	1	1
1	3	1	1
1	1	1	1
1	1	1	1
1	1	1	1
0	4	3	1
0	1	1	1
1	2	1	3
1	1	1	1
2	1	1	3
1	2	2	1
1	1	1	1
1	1	0	1
1	1	1	1
0	1	1	0
2	1	1	1
3	2	1	3
1	1	1	1
1	1	1	1
1	1	2	1
0	1	1	0
1	1	1	1
2	1	2	2
1	1	1	1
2	2	1	2
1	1	1	1
0	1	1	0
1	1	0	1
1	1	1	1
2	1	1	2
4	2	2	4
4	1	1	2
0	2	1	0
1	1	1	1
1	11	0	0
1	1	0	1
1	1	1	1
2	1	1	2
0	1	1	0
4	2	2	4
1	1	0	1
0	1	1	0
1	1	1	1
1	1	1	1
0	1	1	0
1	2	1	1
1	1	1	1
1	1	1	1
3	2	2	3
1	1	0	1
1	1	1	1
1	1	1	1
2	2	2	2
2	1	2	2
1	1	1	1
1	2	1	1
3	1	1	2
1	1	1	1
1	1	1	1
1	1	1	1
2	1	1	2
1	1	1	1
2	1	3	2
2	1	1	2
2	1	2	1
3	1	1	2
0	2	2	0
0	1	1	0
0	1	1	0
1	1	0	1
0	1	1	0
1	1	1	2
2	1	1	2
1	1	1	1
2	2	1	2
1	1	1	1
1	1	1	1
1	1	1	1
1	1	0	1
2	1	0	1
0	1	1	0
0	1	1	0
2	1	1	2
1	1	1	1
1	1	0	1
1	1	1	0
2	2	1	2
1	1	0	2
1	1	1	1
1	4	2	1
2	1	1	2
0	1	1	0
1	1	1	2
1	1	0	1
2	1	1	1
4	2	2	4
1	1	1	1
1	1	1	1
1	1	1	1
1	1	1	1
2	1	1	2
0	39	0	1
1	1	1	1
1	1	1	1
1	1	0	1
1	1	1	1
1	1	1	1
2	1	0	2
1	1	1	1
1	1	0	1
1	1	1	1
0	1	1	0
2	1	1	2
2	1	1	2
1	1	1	1
2	1	1	2
1	1	1	1
1	1	0	1
1	1	1	1
1	1	1	1
1	1	1	1
1	1	1	1
2	3	1	2
0	1	0	2
1	1	1	1
1	1	1	1
2	1	1	1
5	3	1	5
2	3	1	4
1	1	1	1
1	1	0	1
1	1	0	1
4	3	3	4
1	3	1	2
2	1	1	1
2	2	2	2
0	1	1	0
1	1	3	1
1	1	1	1
1	1	1	1
1	1	1	1
1	1	1	1
3	1	1	2
4	2	2	4
2	1	1	2
3	1	1	2
2	2	1	2
1	1	1	1
1	2	1	1
1	1	1	1
1	1	1	1
1	1	1	1
3	3	1	3
1	1	1	1
1	1	0	1
1	1	1	1
1	1	0	1
1	1	2	1
2	1	1	2
0	1	1	0
1	1	1	1
2	1	1	2
1	1	1	1
2	1	1	1
3	1	1	3
1	1	0	1
1	3	1	1
1	1	1	1
1	1	2	1
1	1	1	1
1	1	1	1
1	1	1	1
1	1	1	1
2	1	1	2
1	1	1	1
1	1	1	1
1	1	1	1
1	1	1	1
1	1	1	1
0	1	1	0
1	1	1	2
1	1	1	1
2	1	1	2
1	1	1	1
2	1	1	1
2	1	2	1
1	1	1	1
1	1	1	2
1	2	1	2
1	1	1	1
1	1	0	1
1	1	1	1
1	1	1	1
0	1	1	0
1	1	0	1
1	1	1	1
1	1	1	1
0	1	1	0
3	3	2	3
1	1	1	1
1	1	1	1
1	1	1	1
1	1	1	1
2	1	1	3
1	1	1	1
1	2	1	1
2	3	1	2
1	2	2	1
0	1	1	0
1	1	2	0
1	1	1	1
1	1	1	1
1	1	2	1
1	1	1	1
2	2	1	2
1	1	1	1
1	1	1	1
1	1	1	1
2	1	1	2
1	1	1	1
0	1	1	0
1	1	1	1
2	1	1	1
1	1	1	1
1	1	0	1
1	1	1	1
2	1	1	2
2	5	0	2
2	1	1	3
2	2	1	2
0	1	0	1
1	1	1	1
1	1	1	1
2	1	1	2
1	1	0	1
1	1	1	1
1	1	1	2
1	1	1	2
1	1	0	1
2	2	1	2
1	1	1	1
1	1	1	1
4	3	3	3
1	1	0	1
2	1	1	2
1	1	1	1
0	1	1	0
1	1	1	1
1	1	1	1
2	1	1	2
0	1	1	0
1	1	0	1
1	1	1	2
1	1	0	1
1	2	1	1
0	1	1	1
1	2	1	1
0	1	1	0
2	1	1	2
1	1	1	2
1	1	1	1
1	1	1	1
1	1	0	1
1	1	1	1
1	1	1	1
1	1	0	1
2	2	2	2
1	1	2	2
0	1	1	0
1	1	1	1
1	1	1	1
4	2	2	4
1	1	1	1
2	2	1	2
1	2	2	1
1	1	1	1
1	1	1	1
1	1	1	1
1	1	2	1
2	1	1	1
1	1	1	1
2	1	1	2
1	1	1	1
1	1	1	1
1	1	1	1
1	1	1	1
0	1	1	0
0	1	1	0
1	1	1	1
1	2	2	2
2	1	0	1
2	1	1	2
1	1	1	1
1	1	1	1
1	1	1	1
1	1	1	1
1	2	2	1
1	1	1	1
1	1	1	1
1	1	1	1
1	1	2	1
1	2	1	3
1	1	1	1
1	1	2	1
0	1	1	0
0	2	1	0
3	1	0	3
1	1	1	1
1	2	1	1
1	1	0	1
1	1	0	1
1	1	2	1
1	1	1	1
1	1	1	1
0	1	1	0
2	7	1	2
1	1	1	1
1	1	1	1
1	1	0	1
0	1	1	1
1	1	1	1
1	1	1	1
1	1	1	1
2	2	2	2
4	4	4	5
1	1	1	1
0	1	1	1
1	1	0	1
1	2	1	1
0	1	1	0
0	1	1	0
2	1	1	2
2	1	1	2
2	2	2	2
1	1	0	1
0	1	1	0
2	1	1	2
2	1	0	4
0	1	1	0
0	1	0	1
4	1	1	4
1	4	4	1
1	1	1	1
2	1	1	4
1	1	1	2
2	1	1	3
1	1	0	1
0	1	1	1
1	1	1	1
0	1	1	0
1	1	1	1
1	1	1	1
2	2	2	2
2	2	0	2
1	2	2	1
1	1	2	1
2	1	1	3
1	1	2	3
2	1	2	1
1	1	1	2
1	1	1	1
1	1	1	1
2	2	1	3
1	1	1	1
1	1	0	1
0	1	1	0
1	1	1	1
0	1	1	0
1	1	1	1
2	1	1	1
2	1	1	2
2	1	3	2
1	1	1	1
1	1	1	1
4	7	2	3
0	1	1	0
1	2	1	1
1	1	1	1
0	1	1	0
1	1	1	1
1	1	1	1
1	1	1	1
1	1	1	1
2	1	1	2
2	1	1	2
1	1	1	1
2	1	1	1
2	2	0	2
0	1	1	0
1	1	1	1
1	1	1	1
1	1	1	1
1	1	0	1
1	1	1	1
1	1	1	1
3	3	1	3
4	2	1	5
1	1	1	1
1	1	1	2
1	1	1	1
1	1	1	1
1	1	1	1
1	1	1	1
0	1	1	0
1	1	0	1
1	1	1	1
0	1	1	0
1	1	1	1
1	1	1	1
1	1	2	1
1	1	1	1
1	1	1	1
1	1	0	1
1	1	1	1
1	1	1	1
2	1	1	2
0	1	0	1
1	1	1	1
1	2	1	1
1	1	1	1
1	1	2	1
0	1	1	0
1	1	1	1
2	2	2	2
2	2	1	2
1	1	1	1
1	1	1	1
1	1	1	1
1	1	1	1
2	1	1	2
1	2	1	1
1	1	1	1
1	1	1	1
1	1	1	1
0	1	0	1
0	1	0	1
1	1	0	1
1	1	1	1
2	2	2	3
2	1	1	1
0	1	1	1
1	1	0	1
2	2	2	2
4	3	2	3
1	1	1	1
2	1	1	2
1	1	1	1
2	1	0	2
2	1	1	2
1	2	1	1
2	2	2	2
0	1	1	0
1	1	1	1
2	1	1	2
1	1	1	1
1	1	1	1
1	1	1	1
1	2	1	1
2	1	1	2
1	1	0	1
2	1	1	2
1	1	1	1
1	1	2	1
1	1	1	1
2	2	2	2
1	2	1	1
1	1	1	1
3	2	0	3
1	1	1	1
1	1	1	1
1	1	1	1
2	2	2	2
2	1	1	1
1	1	1	1
2	1	1	2
1	1	1	1
1	1	0	1
4	2	1	5
1	1	1	1
1	1	1	1
4	7	1	5
1	1	1	1
1	1	2	1
1	1	1	1
1	2	2	2
1	1	0	1
2	2	2	2
2	3	1	2
1	1	1	1
1	1	1	1
1	1	1	1
1	2	1	1
1	1	1	1
1	1	1	1
1	1	1	1
2	1	1	1
1	1	1	1
1	1	1	1
1	1	1	1
1	1	1	1
1	1	1	1
1	1	2	1
1	1	1	1
2	2	1	2
1	1	1	1
1	2	2	2
2	4	1	0
1	1	1	1
1	2	1	2
1	1	1	1
1	1	2	1
1	1	1	1
1	4	0	2
1	1	1	1
7	7	4	9
1	1	0	0
1	1	1	1
2	3	1	2
1	1	1	1
3	1	1	2
0	1	1	0
1	1	1	1
1	1	1	1
1	1	1	1
1	3	1	1
0	1	1	0
1	1	1	1
2	1	1	2
1	1	1	1
0	2	2	0
1	1	1	1
1	1	1	2
0	1	1	1
1	1	1	1
2	2	2	2
2	1	1	2
1	1	1	1
1	1	1	1
1	1	1	2
1	1	0	1
1	1	1	1
2	1	1	1
1	1	1	1
1	2	1	1
1	2	1	1
1	1	1	1
1	1	1	1
2	1	1	10
2	1	1	1
1	1	1	1
1	1	1	1
0	2	1	0
1	1	0	1
3	2	1	3
1	1	0	1
1	1	1	1
1	1	1	1
1	1	1	1
1	1	1	1
1	1	1	1
2	1	1	1
1	2	2	1
1	1	1	1
0	1	1	0
1	1	1	1
1	1	1	1
1	1	1	1
0	1	1	0
1	1	1	1
1	1	1	1
1	1	1	1
2	1	1	2
2	2	2	2
1	1	1	1
2	1	1	2
1	1	1	1
2	1	1	2
0	1	1	0
1	1	1	1
1	1	1	1
1	2	2	1
1	1	2	1
2	1	1	2
3	1	1	2
2	1	1	1
1	2	2	2
1	1	0	1
2	2	1	2
1	1	1	1
1	1	1	0
2	2	1	1
1	1	1	1
1	1	1	1
1	1	1	3
1	1	1	1
1	1	1	1
1	1	1	1
0	3	2	0
0	1	1	0
1	1	0	1
4	2	1	4
1	1	1	1
1	1	1	1
1	1	1	1
2	1	0	1
1	2	2	1
0	1	1	0
1	1	1	1
0	1	1	0
1	1	1	1
2	1	0	2
1	1	1	1
2	1	1	2
1	1	1	1
1	1	1	1
1	1	1	1
3	3	2	3
1	3	1	1
1	1	0	1
2	1	0	2
1	1	1	1
2	1	1	2
1	1	1	1
1	1	0	1
1	1	1	1
1	1	1	2
1	1	1	1
3	1	1	3
1	1	0	1
2	2	1	3
1	1	1	1
0	1	1	0
1	1	1	1
1	1	1	1
2	1	1	2
1	2	1	1
2	1	1	1
1	1	1	1
1	2	1	1
1	1	1	2
1	1	0	1
0	1	1	0
2	2	2	2
2	1	1	2
3	2	2	2
0	3	1	0
0	2	1	0
4	1	0	2
1	1	1	1
0	1	1	0
1	1	2	2
1	2	1	1
1	1	1	1
1	1	1	1
0	1	1	0
2	1	1	2
1	1	1	1
0	2	1	0
2	2	2	2
1	1	1	1
1	2	1	1
1	1	1	1
2	1	0	2
1	1	3	1
1	1	0	1
1	1	1	1
1	1	0	2
1	1	1	1
1	1	1	5
1	1	1	1
1	1	1	1
4	1	1	1
1	1	1	1
2	2	2	2
2	1	1	1
1	1	1	1
2	1	1	2
1	1	1	1
4	6	3	3
4	4	1	4
4	2	2	4
1	2	2	1
1	1	1	1
1	2	1	1
1	1	0	1
2	2	1	2
1	1	1	1
0	1	1	1
0	1	1	0
1	1	1	1
1	1	1	1
1	1	0	1
1	1	1	1
1	1	1	1
1	1	1	1
1	1	1	1
1	1	1	1
1	1	1	1
5	3	3	8
1	1	1	1
2	1	1	1
2	1	1	2
1	1	2	1
1	1	1	1
4	1	1	1
1	3	1	1
0	1	1	0
1	1	1	1
1	1	1	1
2	1	1	1
1	1	1	1
2	2	1	2
2	1	1	1
1	1	1	1
1	1	1	1
2	1	1	2
1	1	0	1
1	1	1	1
1	1	1	1
1	2	0	1
0	1	0	2
1	1	1	1
1	1	1	1
1	2	1	1
1	1	0	1
1	1	1	1
1	1	1	1
2	2	1	2
1	1	1	1
0	3	3	0
2	1	1	2
0	1	1	0
2	2	1	3
1	1	0	1
2	2	1	2
0	1	1	0
3	3	3	3
1	1	1	1
1	1	1	1
4	2	2	5
1	1	1	1
1	1	1	1
4	4	3	4
2	2	2	2
1	1	1	1
2	1	1	2
2	2	2	3
1	2	1	1
1	1	1	1
1	1	1	1
0	1	0	1
2	2	2	2
2	2	2	2
0	1	1	0
1	1	3	1
2	3	2	2
1	1	1	1
1	1	1	2
1	1	1	1
3	1	3	3
1	2	2	1
1	1	1	1
2	2	2	3
0	1	1	0
1	1	1	1
1	1	2	1
2	1	1	2
2	1	1	1
1	1	1	1
1	1	1	1
1	1	1	1
1	1	0	1
4	2	1	4
1	1	1	1
1	1	1	1
0	2	1	0
1	1	1	1
1	1	0	1
1	2	1	1
1	4	2	1
3	3	2	3
1	1	1	1
1	1	1	1
0	1	1	0
1	1	1	1
1	1	1	1
1	1	1	1
1	1	1	1
1	1	1	1
1	1	1	1
1	2	1	2
2	1	1	2
2	2	1	2
2	1	0	2
1	2	2	4
4	2	2	8
2	1	2	2
1	1	1	1
0	1	1	0
1	1	1	1
1	1	1	1
1	1	1	1
4	1	3	5
2	2	2	1
1	1	0	1
1	1	1	1
1	1	1	1
2	2	1	2
2	1	1	1
1	1	2	1
1	1	1	1
1	1	1	2
2	1	1	2
4	3	2	6
1	2	2	1
1	1	1	1
2	3	2	5
2	3	3	3
2	1	1	2
1	2	0	1
2	1	1	1
1	1	1	2
1	1	1	1
2	1	1	2
1	1	0	1
2	1	1	2
1	1	1	1
1	1	1	1
1	2	2	1
1	1	1	1
1	1	1	1
0	2	4	0
0	1	1	1
1	1	1	1
1	1	1	1
2	3	2	2
2	2	1	1
1	1	1	1
1	2	1	1
1	1	1	1
1	1	1	1
1	1	1	1
1	2	1	1
2	2	1	2
2	1	1	2
1	1	1	1
1	1	1	1
1	1	1	1
1	1	1	1
1	2	2	1
1	1	1	1
1	1	1	1
2	3	1	1
2	2	2	2
2	1	1	2
1	1	1	1
2	1	0	1
2	1	1	2
1	1	0	1
2	2	0	2
1	1	1	1
1	1	1	1
1	1	1	1
1	1	1	1
0	1	1	0
1	1	1	1
2	3	2	3
0	1	1	0
1	1	1	1
2	1	1	2
2	2	1	2
1	1	1	1
3	1	1	3
0	1	1	0
1	2	1	1
2	1	1	1
4	5	4	4
0	1	1	0
1	1	1	1
2	2	2	2
1	1	1	1
1	1	1	1
1	2	1	1
3	1	1	1
2	2	2	2
1	1	1	0
1	1	1	1
1	1	1	1
0	1	1	0
2	1	1	2
1	1	1	1
0	1	1	0
2	1	1	2
4	3	2	5
1	2	1	1
1	1	1	1
1	1	1	1
1	1	1	1
3	2	1	2
1	1	0	1
1	1	1	1
1	1	1	0
2	1	2	2
1	1	1	1
0	2	1	0
1	2	1	1
1	1	1	1
2	1	1	2
1	1	1	1
1	1	1	1
0	1	1	0
1	1	1	1
1	1	1	1
1	1	1	1
2	3	1	2
1	1	1	1
1	1	2	1
1	1	1	1
2	1	1	1
1	2	1	1
1	1	0	1
1	1	1	2
2	1	1	1
2	2	1	3
3	3	9	2
0	3	2	1
2	1	1	2
3	1	1	3
1	1	1	1
1	1	1	1
1	1	0	1
1	1	1	1
1	1	1	1
2	1	1	2
0	1	1	0
2	2	1	2
1	1	1	1
0	1	1	0
1	2	0	1
1	1	1	1
1	1	1	1
1	1	2	1
10	11	9	8
1	4	0	1
1	1	1	1
1	2	1	0
1	1	1	1
1	1	0	1
3	2	1	5
1	1	1	1
1	1	1	1
1	2	1	1
1	1	1	1
2	2	1	2
0	1	2	0
1	1	0	1
1	1	1	1
3	1	1	3
1	1	1	1
1	1	1	1
2	2	4	1
1	1	4	1
1	1	1	1
1	1	1	1
2	2	1	1
1	1	1	2
1	1	1	1
0	1	1	0
1	1	1	1
1	1	1	1
2	1	2	1
1	1	1	1
1	1	1	1
1	1	1	1
1	1	1	1
2	1	1	2
1	1	1	1
2	4	5	2
0	1	2	1
0	3	1	2
2	1	1	2
2	1	1	1
2	2	2	1
2	1	1	2
2	1	1	2
1	1	1	1
1	1	2	1
3	1	2	4
1	1	1	1
1	1	0	2
0	1	1	0
0	1	1	0
1	1	1	1
1	1	1	1
1	1	1	1
0	1	1	1
0	68	2	2
1	1	1	2
1	1	1	1
1	4	1	1
3	2	1	3
1	1	1	1
2	3	1	2
2	1	1	2
4	3	2	4
1	1	1	2
3	1	0	3
2	1	1	2
0	1	1	0
2	1	1	2
1	1	1	1
1	1	1	1
0	1	1	0
0	1	1	0
1	1	1	1
1	2	2	1
0	1	1	0
1	1	0	1
1	1	0	0
1	1	1	1
1	1	1	1
1	1	2	1
1	1	1	1
2	1	0	2
1	1	2	1
1	1	1	1
1	1	0	1
0	1	1	0
1	1	1	1
1	1	1	1
1	1	1	1
0	1	1	0
0	1	1	0
0	1	1	0
2	1	1	2
0	1	1	0
1	1	1	1
1	1	1	1
2	1	1	2
1	1	1	1
2	1	1	2
0	1	1	0
0	1	1	0
1	1	0	1
3	2	2	3
2	2	2	2
2	1	1	2
0	1	1	0
1	1	1	1
1	1	1	1
1	1	0	1
1	1	1	2
1	1	1	1
0	1	1	0
13	25	11	15
1	1	1	1
1	1	1	2
1	1	2	1
1	1	1	1
1	1	1	1
1	1	1	1
1	1	1	1
1	1	1	1
2	3	2	3
1	1	1	1
3	2	2	3
1	1	2	1
1	2	1	1
0	1	1	0
1	1	1	1
2	1	1	2
2	2	2	3
1	1	2	1
0	1	1	0
3	2	2	3
1	1	0	1
2	2	2	2
1	1	1	1
1	1	1	1
1	1	1	1
2	2	1	2
2	2	2	3
1	1	0	1
1	1	1	1
5	4	1	5
1	2	1	1
2	1	1	1
2	2	1	2
1	2	1	1
1	2	2	1
1	1	1	1
2	1	0	2
1	1	0	2
1	1	1	1
1	1	1	1
1	1	0	1
1	1	1	1
1	1	1	1
1	1	1	1
1	1	1	1
1	1	2	1
1	1	1	1
1	2	2	1
0	1	1	0
0	1	1	0
1	1	1	1
2	2	0	2
1	1	1	1
1	1	1	1
0	17	2	1
1	1	1	1
1	1	1	1
2	1	1	2
1	1	1	1
8	6	4	8
0	1	1	0
2	1	1	2
2	2	2	2
1	1	1	1
1	1	1	1
1	1	0	1
1	1	1	1
1	1	2	1
1	1	1	1
1	2	0	1
0	1	1	0
1	1	1	1
1	1	1	1
1	1	1	1
6	5	6	7
1	1	1	1
1	1	1	1
3	1	1	3
3	1	1	2
1	1	1	1
1	1	1	1
1	1	1	2
2	1	1	2
1	1	1	2
1	1	1	1
1	1	1	1
1	1	1	1
1	1	1	1
1	1	0	1
0	1	1	0
2	2	1	2
3	2	1	3
1	1	1	1
1	1	1	2
1	1	1	1
1	2	3	5
1	1	1	1
1	1	0	1
2	2	2	2
3	3	3	3
1	1	1	1
2	1	2	2
1	1	1	1
2	5	2	8
4	3	2	5
1	1	1	2
1	1	1	1
1	1	1	1
1	1	0	1
0	1	1	0
1	3	2	1
1	1	1	1
1	1	0	1
1	1	1	1
2	1	1	2
6	4	3	5
1	1	1	1
1	1	1	1
1	1	1	1
1	1	1	1
2	1	1	2
0	5	1	1
1	1	1	1
2	2	1	2
2	2	2	1
2	1	1	1
1	1	1	1
0	1	1	0
1	2	1	1
1	1	1	1
2	4	0	0
2	1	1	2
2	1	1	2
2	2	2	2
7	8	1	9
1	1	1	1
1	1	1	1
0	1	1	0
1	1	0	1
1	2	2	1
1	1	0	1
0	1	1	0
1	1	1	1
2	2	2	2
2	1	1	2
0	1	1	0
1	1	1	1
0	1	1	1
1	1	1	1
2	1	2	2
1	1	1	2
0	1	1	1
1	1	1	1
2	1	1	2
1	1	0	1
1	1	1	1
2	1	1	2
1	1	1	1
1	2	2	2
1	1	1	1
1	1	1	1
2	2	2	2
0	2	2	0
1	1	1	1
0	1	1	0
1	1	1	1
1	1	1	1
1	1	1	2
1	1	1	1
1	1	1	1
1	1	1	1
2	3	3	3
1	1	1	1
1	1	1	1
1	1	1	1
1	1	1	2
0	2	1	0
1	1	1	1
2	2	1	2
2	1	1	1
1	1	1	1
1	1	1	1
1	1	0	1
5	5	3	5
5	5	4	6
2	1	1	2
2	1	1	2
1	2	2	1
0	1	1	0
2	2	2	2
1	1	2	1
1	1	1	1
1	1	1	1
1	1	1	1
1	1	0	1
0	1	1	0
1	1	1	1
0	1	1	0
1	1	1	1
2	1	1	2
1	2	2	1
1	2	2	2
1	1	1	1
1	1	1	1
1	1	1	1
1	1	0	1
1	1	1	1
1	1	1	1
1	5	0	3
2	2	1	2
1	1	1	1
1	1	1	1
2	1	1	2
1	1	1	1
1	1	1	1
1	1	1	1
2	1	1	2
0	77	18	0
1	1	1	1
1	1	1	1
1	1	1	1
2	1	1	1
1	1	1	1
1	1	0	1
2	1	1	1
1	1	1	1
1	1	0	1
1	1	1	1
2	1	1	2
0	1	1	0
2	2	1	2
2	1	1	3
2	1	1	3
1	1	1	1
1	1	1	1
0	1	1	0
1	1	1	1
6	7	9	8
5	3	1	5
1	1	1	1
1	1	1	2
1	1	1	1
1	1	1	1
6	2	1	13
1	1	1	1
1	1	1	1
0	1	1	0
1	1	1	1
1	1	1	1
1	1	1	1
2	3	3	2
1	1	1	1
2	1	1	1
3	3	3	3
1	3	2	2
2	1	1	1
1	1	0	1
1	1	1	1
1	1	1	1
1	1	1	1
1	1	0	1
1	1	1	1
4	3	2	4
1	1	1	1
2	2	2	2
1	2	1	1
2	2	2	2
3	2	2	3
1	1	0	1
1	1	1	1
1	1	1	1
2	3	3	2
1	1	1	1
1	1	0	0
2	1	1	2
1	1	1	1
1	3	1	1
2	2	1	2
2	2	2	2
2	1	1	2
1	1	1	1
2	2	1	2
1	2	1	2
2	2	1	2
1	2	2	1
1	1	1	1
1	1	1	2
1	1	1	1
2	2	1	1
0	4	1	0
1	1	1	1
1	1	0	1
2	2	2	2
3	4	3	4
1	1	1	1
1	1	1	1
1	1	1	1
1	1	1	1
1	1	2	1
1	1	1	1
1	1	0	1
1	1	1	1
1	1	1	1
2	1	2	1
1	1	1	1
1	1	1	1
3	1	1	3
1	2	1	1
1	1	1	1
1	1	2	1
0	2	1	0
3	1	0	3
1	1	1	1
1	1	1	1
1	1	1	1
1	1	1	1
0	1	0	2
1	1	1	1
4	3	1	4
1	1	1	1
0	1	1	0
1	2	1	1
4	1	0	2
1	1	1	1
1	1	1	1
1	1	0	1
1	1	1	1
1	1	0	1
1	1	1	1
2	2	2	2
1	1	0	1
0	2	2	0
1	1	1	1
3	2	1	1
1	1	1	1
1	1	1	1
2	1	1	2
1	1	1	1
1	1	1	1
1	1	1	1
2	1	0	2
1	1	1	1
1	1	1	1
2	1	1	2
1	1	1	1
1	1	1	1
1	1	1	1
1	1	1	1
0	1	1	0
1	1	1	1
1	1	1	1
1	1	1	1
1	1	0	1
2	1	1	2
3	2	1	4
15	2	1	13
1	1	1	1
1	2	1	2
1	1	1	1
1	2	2	1
3	1	1	4
0	1	1	0
0	3	1	2
1	1	1	1
0	1	1	0
1	1	1	1
4	2	1	3
1	1	1	1
2	1	1	1
1	1	0	1
2	1	1	2
1	1	1	1
1	1	1	1
1	2	0	1
1	1	1	1
1	1	1	2
1	1	1	1
1	1	0	1
1	1	0	1
0	1	1	0
1	1	1	1
1	1	2	2
1	1	1	1
1	1	1	1
1	1	1	1
1	1	1	1
1	1	1	1
1	1	1	1
1	1	1	1
2	1	1	1
1	1	1	1
1	1	1	1
1	1	1	1
1	2	0	1
1	1	2	1
0	1	1	0
1	1	1	1
1	1	0	1
2	1	1	1
1	2	1	1
1	1	0	1
4	4	3	5
0	1	1	0
1	2	1	1
1	1	1	1
1	1	1	1
1	1	0	1
1	1	1	1
1	1	1	1
0	1	1	0
3	1	1	4
1	1	1	1
1	1	1	1
1	1	0	1
1	1	1	1
0	1	1	0
1	1	1	1
1	1	1	1
1	1	1	1
0	1	74	0
1	1	1	1
2	1	1	2
1	1	1	1
1	2	2	1
1	1	1	1
14	10	8	16
2	2	2	1
2	1	1	1
1	1	1	1
3	2	1	3
1	1	0	1
1	1	1	1
1	1	1	1
1	1	1	1
2	2	2	2
1	1	0	1
1	1	2	1
2	1	1	2
2	1	1	2
0	1	1	0
1	1	1	1
1	1	1	1
1	3	2	1
1	1	1	1
0	1	1	0
2	3	3	3
2	1	1	2
5	4	2	5
1	1	1	1
2	1	0	1
1	1	1	2
1	1	1	1
2	1	1	1
1	1	1	1
1	1	1	1
1	1	0	1
1	1	1	1
0	1	0	1
1	1	1	1
1	1	1	2
1	1	1	1
1	2	2	1
2	1	1	2
1	2	0	1
1	2	1	1
1	2	2	1
0	2	1	0
0	1	1	0
2	1	1	1
1	1	1	1
1	1	1	1
0	2	1	0
1	1	1	1
7	9	7	8
1	1	1	1
1	1	0	1
2	1	1	2
0	1	1	1
2	1	1	2
1	1	1	1
1	1	1	1
1	1	1	1
2	2	0	3
2	2	2	2
1	1	1	1
1	1	0	1
1	1	1	1
2	1	1	1
3	1	1	2
1	1	1	1
1	1	2	2
1	1	1	2
0	1	1	0
1	1	2	1
3	1	1	1
1	1	1	2
1	1	1	1
1	1	2	2
1	1	1	1
1	1	1	1
1	1	1	1
1	1	1	1
2	1	1	2
3	1	2	2
1	1	1	1
1	1	1	1
1	1	0	1
1	1	1	1
1	1	1	1
1	1	1	1
1	1	0	1
1	1	1	1
2	1	1	2
3	2	2	3
0	2	1	0
1	2	1	1
1	1	1	1
1	2	1	1
1	1	1	1
1	1	1	1
2	1	1	2
1	3	1	1
4	2	3	5
1	1	1	1
1	1	1	1
0	1	1	0
1	1	1	1
0	1	1	0
0	1	1	0
2	1	1	2
1	1	1	1
1	1	1	1
0	1	1	0
1	1	1	1
1	1	1	1
1	1	1	1
1	1	1	1
1	1	1	1
2	1	1	1
0	2	2	0
1	1	1	1
0	1	4	0
1	1	0	1
1	1	1	1
1	1	1	1
2	1	1	1
2	2	2	2
1	1	1	1
1	1	1	1
2	1	1	1
1	1	1	1
1	1	1	1
2	3	1	1
1	1	1	1
0	1	1	1
1	1	1	1
3	2	1	3
1	1	0	1
1	2	0	1
1	1	1	1
1	1	0	1
2	2	1	2
1	1	1	1
1	2	2	1
1	1	1	1
1	1	1	1
1	1	1	1
0	4	1	0
1	1	1	1
1	2	1	1
1	1	1	1
1	1	0	1
2	2	2	2
1	1	1	1
1	2	0	1
1	2	1	1
1	1	1	1
3	2	1	3
1	1	1	1
1	1	1	1
1	1	1	1
0	5	4	0
1	1	1	1
1	1	0	1
3	1	3	4
1	1	1	1
1	1	1	1
1	1	2	1
1	1	1	1
0	1	1	0
2	1	1	1
1	1	1	1
4	3	3	5
1	1	1	1
1	1	1	1
2	2	1	2
1	1	1	1
1	1	1	1
1	1	1	1
2	2	1	3
3	2	2	4
1	1	1	1
1	1	1	1
3	2	2	3
1	1	1	1
2	2	2	2
1	1	1	1
1	1	2	1
1	1	1	1
1	1	1	1
0	1	1	0
1	1	1	2
1	1	1	1
1	1	1	1
1	1	1	1
0	1	1	0
1	2	1	1
1	2	2	2
2	1	1	1
0	1	1	0
1	1	1	1
1	1	1	1
2	2	1	2
1	1	1	1
2	1	1	1
1	1	1	1
1	2	1	1
1	1	1	1
1	1	1	1
2	1	1	2
1	1	1	1
1	1	1	1
1	1	1	1
1	1	1	1
2	3	2	2
1	1	1	1
2	1	1	1
1	1	1	1
1	1	1	2
2	1	1	2
1	1	1	1
1	1	1	1
2	2	2	1
0	1	1	0
1	1	0	1
1	1	1	1
1	1	1	1
2	1	1	1
1	2	1	1
1	1	1	1
1	1	1	1
2	1	1	2
1	2	0	1
1	1	1	1
1	1	1	1
1	1	1	1
0	1	0	1
1	1	2	1
2	2	3	2
1	1	1	1
1	1	1	1
3	1	1	3
2	3	1	2
1	1	1	0
1	1	0	1
1	1	0	1
2	2	2	1
1	1	1	1
2	1	1	1
1	1	1	1
1	1	1	1
1	1	2	1
1	2	2	1
1	2	0	1
1	1	1	1
1	1	0	1
1	1	1	2
1	1	1	1
1	1	2	1
1	1	0	1
4	3	3	4
1	1	1	1
1	1	1	1
0	1	1	0
0	1	1	0
1	3	3	1
1	1	0	1
3	2	1	4
1	2	0	0
2	1	1	2
1	1	1	1
2	1	1	1
1	2	1	1
2	1	1	1
1	1	1	1
4	2	3	3
2	1	1	2
2	1	1	2
0	1	1	0
1	1	1	1
1	1	2	1
0	1	0	1
1	1	1	1
1	1	1	1
1	1	1	1
1	1	2	1
1	2	0	2
2	1	1	2
2	2	1	2
2	2	2	2
1	1	1	1
1	1	1	1
2	19	2	3
1	1	1	1
1	1	1	1
2	2	2	2
2	1	0	3
1	1	2	1
1	1	0	1
1	1	1	2
1	1	1	1
0	1	1	0
1	1	1	1
1	1	1	1
2	3	1	1
2	1	1	2
2	1	3	2
1	1	1	1
1	1	1	1
3	2	3	3
0	1	1	0
2	1	0	2
1	1	1	1
1	2	1	1
1	2	2	1
1	1	1	1
1	1	1	1
1	1	1	1
1	1	0	1
1	1	1	1
2	2	1	1
1	1	0	2
1	1	0	1
1	1	1	1
1	1	1	1
2	1	1	1
2	1	1	2
1	1	2	1
1	2	1	1
1	1	1	1
1	1	1	2
1	1	1	1
4	3	6	7
2	1	1	1
0	1	1	0
1	1	1	1
1	1	1	1
1	4	2	1
4	2	1	3
1	1	2	1
1	1	2	2
1	1	1	1
2	2	1	2
2	2	2	3
1	1	1	1
1	1	1	1
2	2	1	2
1	1	1	1
1	1	1	1
1	1	1	1
1	1	1	1
1	1	1	1
1	1	1	1
1	1	1	1
5	3	2	4
2	1	1	2
1	1	1	1
1	1	1	2
2	1	2	2
2	1	1	1
2	2	1	2
0	3	1	0
1	2	1	1
0	2	1	0
1	1	1	1
6	9	7	14
1	1	0	1
2	1	1	2
1	1	1	1
1	1	1	1
1	1	1	1
1	1	1	1
1	2	1	1
1	1	1	1
0	1	1	0
2	2	0	2
0	1	1	0
2	5	1	2
0	1	1	0
1	1	1	1
1	1	1	1
1	1	1	1
1	1	1	1
1	1	1	1
2	1	1	1
1	1	1	1
1	2	1	1
1	1	1	1
2	1	1	1
1	1	1	1
1	1	1	1
1	1	0	1
1	1	1	1
1	1	1	1
1	2	1	1
1	1	1	1
2	1	1	2
1	1	1	1
2	2	2	2
2	2	1	2
1	1	1	1
1	1	1	1
1	1	1	1
1	1	1	1
2	2	2	2
0	1	1	0
1	1	1	1
2	2	1	2
1	1	1	1
0	1	1	1
1	1	1	1
6	4	2	5
1	1	1	1
1	1	1	1
1	1	1	1
1	1	1	1
1	1	1	1
2	1	1	2
1	1	1	1
1	1	1	1
1	1	1	1
1	1	0	1
4	3	1	5
1	1	1	1
0	2	2	1
1	1	0	1
2	2	1	1
1	1	1	1
1	1	1	2
1	1	1	1
1	1	1	1
1	1	1	1
1	1	0	1
1	1	1	1
1	1	2	1
2	1	1	2
1	1	1	1
1	1	1	1
1	1	1	1
1	1	1	1
1	94	3	2
1	1	1	1
1	1	1	1
1	1	3	1
1	1	1	1
1	1	1	1
0	1	1	0
1	1	1	1
2	2	2	2
1	1	1	1
1	1	1	1
4	3	1	2
0	1	2	1
1	1	1	1
1	1	1	1
2	1	1	1
1	1	1	1
0	1	1	0
1	1	1	1
1	1	1	1
1	1	0	1
0	1	1	1
1	1	1	1
0	20	6	0
1	1	1	1
2	1	1	2
1	1	1	1
2	1	2	6
3	1	1	2
0	1	0	1
1	1	1	1
1	1	1	1
2	1	1	2
1	1	1	1
1	1	1	1
1	1	1	1
1	1	1	1
2	6	4	7
2	1	1	1
1	2	1	1
1	1	1	1
1	1	1	1
3	3	3	3
1	1	1	1
1	1	1	1
1	1	1	1
2	1	1	2
5	4	3	3
2	1	1	2
1	1	1	1
1	1	1	1
1	1	1	1
1	1	1	1
2	1	1	2
1	1	1	1
2	1	2	1
1	2	2	1
2	1	1	2
1	1	1	1
4	5	4	6
1	1	1	2
2	2	1	2
1	1	1	1
1	1	2	1
2	2	1	2
1	1	1	1
1	1	1	1
1	1	1	1
1	1	1	1
2	2	1	2
1	1	1	1
1	1	1	1
1	1	2	1
2	2	2	2
1	1	1	2
1	1	1	1
1	1	1	1
1	1	1	1
3	2	1	3
1	1	1	1
1	1	1	1
1	1	1	1
1	1	1	1
2	1	0	1
1	1	2	1
0	1	1	0
1	1	1	1
0	2	2	0
1	1	1	1
0	1	1	0
1	1	1	1
1	1	1	1
1	1	1	1
1	1	1	1
1	1	1	1
2	1	1	2
2	1	1	2
1	1	1	1
1	2	1	1
0	1	1	0
1	1	0	2
1	1	0	1
2	1	1	1
2	1	1	2
1	1	1	1
2	1	1	2
1	1	1	2
1	1	0	0
0	2	1	3
4	5	5	4
1	1	1	1
1	1	1	1
1	1	1	1
1	1	1	1
1	1	1	1
1	1	1	1
2	2	1	2
1	1	0	1
3	4	2	4
1	1	1	2
0	1	1	1
2	2	2	2
1	1	2	1
1	1	1	1
1	1	1	1
1	3	2	2
0	1	1	0
1	2	1	1
2	2	1	2
1	1	1	1
0	1	1	0
1	1	1	1
2	2	0	2
0	1	1	0
1	1	1	1
1	1	2	1
1	1	1	1
0	1	1	0
1	1	1	1
1	1	1	1
1	1	1	2
1	1	1	1
1	1	0	1
4	3	3	4
1	1	1	1
1	1	1	1
1	1	1	1
1	1	1	1
1	1	1	1
1	1	1	1
1	1	1	1
3	2	0	3
1	1	1	1
1	1	1	1
1	1	1	1
3	2	1	3
0	1	1	0
1	1	1	1
1	2	1	1
2	1	1	2
1	2	0	2
0	1	1	0
1	1	1	1
2	2	2	3
0	1	1	1
1	1	1	1
2	1	1	2
2	1	1	2
1	1	1	1
1	1	1	1
1	2	1	2
1	1	1	1
1	1	0	1
0	1	1	0
1	1	1	1
1	1	1	1
1	1	1	1
1	1	0	1
2	1	1	2
2	1	1	2
1	1	2	2
1	2	3	1
1	1	1	1
1	1	2	2
1	1	1	1
0	1	1	0
4	3	3	4
3	2	2	3
1	1	1	1
2	1	1	2
2	1	1	1
3	1	1	3
1	1	0	1
2	1	1	2
1	1	1	1
1	1	1	1
1	1	1	1
1	1	1	1
1	1	0	1
1	1	1	1
0	1	1	0
3	2	2	3
1	2	1	1
2	1	1	2
1	1	1	1
1	1	1	1
2	1	1	2
1	1	1	1
1	1	1	1
0	1	1	1
2	2	0	3
2	1	1	2
1	1	2	1
1	1	1	1
1	1	1	2
1	1	0	1
1	1	1	1
2	2	2	2
1	1	1	1
0	1	1	0
0	1	1	0
1	1	1	1
1	2	1	1
1	2	2	1
1	1	3	1
5	4	2	4
15	16	10	13
2	1	1	2
1	1	1	1
1	1	1	1
2	1	1	2
1	1	1	1
1	1	1	1
1	1	1	1
1	1	1	1
1	2	1	1
1	1	0	1
1	2	1	2
1	1	1	1
1	1	1	1
1	1	1	1
2	2	1	1
1	1	1	1
1	2	2	1
0	1	1	0
1	1	1	1
0	1	1	0
1	1	0	1
1	1	0	1
0	1	1	0
1	1	1	1
1	1	2	1
2	2	1	2
1	1	1	1
1	1	1	1
1	1	1	2
1	1	1	1
6	3	1	8
1	1	1	1
1	1	1	1
3	2	1	2
3	2	1	3
4	4	3	3
1	1	1	1
1	1	0	1
1	1	1	2
2	1	1	2
1	1	1	1
1	1	1	1
1	1	1	1
2	1	1	1
1	1	1	1
1	1	1	1
1	1	1	1
1	1	0	1
1	1	1	1
1	1	0	2
1	1	1	2
1	1	1	2
4	1	0	4
1	1	1	1
1	1	1	1
1	1	1	1
2	1	2	4
1	1	1	1
1	1	2	1
1	1	1	1
2	1	1	2
2	1	0	2
2	4	1	4
1	1	1	1
0	1	1	1
4	2	3	4
1	1	1	1
1	1	1	1
1	1	0	1
2	1	0	2
2	1	1	2
1	1	1	1
0	4	2	0
1	1	1	1
1	1	0	1
2	1	0	2
2	2	2	2
0	2	1	0
9	2	1	7
1	1	1	2
2	1	1	1
2	1	2	2
1	1	2	1
0	1	1	0
1	1	1	3
1	1	3	1
0	1	1	0
2	1	0	1
1	1	1	1
0	2	1	0
2	1	1	3
2	2	1	2
1	1	1	1
2	1	1	2
1	1	1	1
1	2	1	1
1	1	1	2
2	2	1	2
2	1	2	2
1	1	1	2
1	1	1	1
1	1	1	2
1	1	0	1
2	1	1	1
2	2	1	2
1	1	1	1
1	1	1	1
3	2	1	3
0	1	1	0
0	1	1	1
0	1	0	2
1	1	1	1
1	1	1	1
2	1	2	2
1	2	1	1
4	4	3	4
1	1	1	1
2	1	1	2
1	1	1	1
1	1	1	1
2	1	1	1
0	1	1	0
1	1	1	1
3	2	1	3
1	1	2	1
1	1	1	1
1	1	1	2
2	1	0	2
1	1	1	1
1	1	0	1
1	1	1	1
2	3	2	2
2	1	1	1
2	1	1	2
1	1	1	1
2	3	3	2
0	3	2	0
4	2	2	3
1	1	0	1
2	2	1	2
2	2	2	2
1	1	0	1
1	2	1	1
2	1	1	1
0	1	0	1
1	1	1	1
1	1	1	2
1	1	1	1
1	2	2	1
4	3	2	3
1	1	1	1
1	1	0	1
2	1	0	2
2	1	1	2
1	1	0	1
1	1	2	1
1	1	1	1
0	1	1	0
1	1	0	1
2	2	1	2
1	1	1	1
1	1	1	1
1	2	1	1
1	1	1	1
1	1	0	1
1	2	1	2
1	2	1	1
3	2	2	4
1	1	1	1
0	1	1	0
1	1	1	1
1	1	1	1
1	1	1	1
0	2	1	0
1	1	1	1
2	1	1	1
1	1	1	1
1	1	1	1
1	2	0	2
1	1	1	1
1	1	1	2
0	1	0	1
1	1	1	1
1	1	1	1
1	1	1	1
2	2	2	2
1	1	1	2
1	1	1	1
1	2	2	1
1	1	1	1
1	1	1	1
1	1	1	1
2	1	1	2
1	1	1	1
2	1	0	2
1	1	1	1
1	1	0	1
1	1	1	1
4	2	2	3
1	1	2	1
1	1	1	1
1	1	0	1
1	1	1	1
1	1	1	1
1	1	1	1
1	1	1	1
1	1	1	1
1	3	1	1
1	1	2	1
1	1	1	1
2	3	1	3
1	1	1	1
1	1	1	1
1	1	1	1
1	1	1	1
3	3	1	3
2	2	2	2
1	1	1	1
1	1	1	1
1	1	1	1
2	1	1	2
2	1	1	1
1	1	1	1
1	1	0	1
1	1	1	1
0	1	1	0
0	1	1	0
3	2	2	2
1	1	1	1
0	1	2	0
3	2	2	3
2	1	1	2
1	2	1	0
1	1	0	1
1	1	0	1
1	1	1	1
1	1	1	1
0	1	1	1
2	1	1	2
2	1	1	1
1	1	1	1
1	1	1	1
3	2	2	3
1	1	1	1
1	4	6	1
1	2	1	1
1	1	1	1
0	1	1	1
1	2	2	1
0	1	1	0
2	1	0	1
1	1	0	1
1	1	1	1
1	1	1	1
1	1	0	1
1	1	2	1
6	6	3	6
1	1	1	1
1	1	1	4
1	1	1	1
1	1	1	1
1	2	1	1
4	1	1	1
1	1	2	1
0	1	1	0
2	2	1	3
3	3	2	2
1	1	1	1
2	1	1	2
1	1	1	1
1	2	1	3
1	1	1	1
1	1	1	1
1	1	1	1
1	1	2	1
1	1	1	1
2	2	2	2
1	1	1	1
1	1	1	1
2	1	1	3
1	1	1	1
1	1	1	1
1	1	1	1
1	1	0	1
1	2	0	1
1	1	0	1
1	1	1	1
2	2	2	2
1	1	1	1
1	1	1	1
2	1	1	2
1	2	0	2
2	2	1	2
3	1	1	2
4	3	3	3
1	1	1	1
1	1	1	1
1	2	1	1
1	1	1	1
3	3	1	1
2	2	1	2
4	1	2	8
1	1	1	1
1	1	0	1
1	1	1	1
1	1	1	1
2	1	1	2
1	1	1	1
2	1	1	2
1	1	0	1
0	2	1	0
2	2	1	2
1	1	1	1
1	1	0	1
1	1	1	1
3	2	1	3
0	2	1	1
1	1	1	1
1	1	1	1
1	1	1	1
2	1	0	2
2	1	1	2
1	1	1	1
1	1	1	2
1	1	1	2
1	1	2	1
2	1	1	1
2	2	2	3
1	1	2	1
4	1	1	4
2	1	1	2
1	1	1	1
1	2	1	1
1	1	1	1
1	1	1	1
1	1	0	1
3	1	1	1
1	1	0	1
0	1	1	1
1	1	1	1
0	1	1	0
1	2	1	2
2	1	1	2
4	2	2	2
2	3	3	2
1	2	2	1
1	1	1	1
1	1	1	1
1	1	1	2
1	1	2	1
1	1	1	1
2	1	1	1
2	1	3	2
1	1	1	1
1	1	1	0
0	1	1	0
1	1	1	1
2	1	1	2
1	1	1	1
1	1	1	1
1	1	0	1
2	1	1	2
1	2	1	1
1	1	1	1
2	1	1	2
1	1	2	1
1	1	1	1
2	1	2	2
2	1	1	2
1	1	1	1
23	8	5	42
0	9	0	1
1	1	1	1
1	1	1	1
1	1	0	1
1	1	1	1
0	1	1	0
3	1	2	2
1	1	1	1
0	1	1	0
0	1	1	0
0	1	0	2
