Thepa	Theca	Carpa	Arath
3	1	2	2
1	1	1	1
1	1	1	1
1	1	1	1
3	2	1	3
1	1	1	1
1	1	1	2
1	2	2	1
1	1	1	1
2	2	1	3
0	9	2	0
1	1	1	1
1	1	1	1
1	1	1	1
2	1	1	2
1	1	0	1
1	1	1	1
2	2	1	2
1	2	1	1
1	1	1	1
1	2	1	1
1	1	1	1
1	1	2	1
1	1	1	1
2	2	2	2
0	1	2	1
1	1	1	1
1	2	1	1
0	1	1	0
0	1	0	1
2	1	0	1
1	1	1	1
1	1	1	1
2	1	3	1
0	1	1	0
1	2	1	1
1	1	1	1
1	1	0	1
1	1	1	1
2	1	1	2
1	1	1	1
1	1	1	1
1	1	1	1
1	1	1	1
2	1	1	1
1	1	2	1
1	1	1	1
1	1	1	1
1	2	1	1
1	1	1	1
1	2	1	2
1	2	1	1
1	1	1	0
1	1	1	1
1	1	1	1
1	1	1	1
0	1	1	1
1	1	1	1
1	1	1	1
0	1	2	2
2	1	1	2
0	1	1	1
2	1	1	2
3	2	3	3
1	3	1	2
0	1	1	0
1	2	0	1
1	1	1	1
1	1	1	1
0	1	1	0
1	1	1	1
2	1	1	1
1	1	0	1
0	1	1	0
1	1	0	1
1	1	1	1
1	1	1	1
2	1	1	3
1	1	0	1
4	2	2	5
1	1	1	1
0	1	1	0
1	1	3	1
1	1	1	1
1	1	0	0
2	1	2	1
3	2	2	3
1	1	1	1
2	1	1	2
2	2	2	2
1	1	1	1
2	3	2	2
1	1	1	1
0	1	1	0
0	1	1	0
1	1	1	1
1	2	0	2
0	1	1	0
1	1	1	1
2	1	2	1
1	1	1	1
0	1	1	0
2	1	1	2
1	1	2	1
1	1	1	1
1	1	1	1
1	3	1	1
1	1	1	1
1	2	2	1
1	1	1	1
1	1	1	4
2	2	1	2
0	1	1	0
2	2	1	1
0	1	1	1
1	1	1	1
1	1	1	1
1	1	1	1
2	1	1	2
1	1	1	1
1	1	1	1
1	1	1	1
1	1	1	1
4	2	1	4
1	1	0	1
2	2	1	2
1	1	1	1
0	1	1	0
1	1	1	1
2	2	2	2
1	3	1	1
1	1	1	1
2	1	1	1
1	1	1	1
1	1	1	1
1	1	1	1
1	1	1	1
2	2	2	2
2	2	1	3
1	1	1	1
1	2	1	2
2	1	1	2
2	1	1	2
1	2	1	1
2	2	2	2
1	1	1	1
1	1	1	1
0	1	2	0
1	1	1	1
2	1	1	3
1	1	1	1
1	1	1	1
1	1	1	1
1	1	2	0
1	1	1	1
1	1	1	1
15	18	14	17
1	1	1	1
4	52	8	6
1	1	1	1
1	1	1	1
1	1	1	1
1	1	1	1
0	1	1	0
1	1	1	1
1	1	1	1
1	1	1	1
1	1	0	1
0	1	1	0
0	1	1	0
1	1	0	1
1	1	1	1
1	1	0	1
3	2	1	2
1	1	1	1
1	1	1	3
1	1	1	1
2	2	1	2
1	1	1	1
1	1	1	1
2	1	1	2
7	6	6	7
1	1	0	0
1	1	1	1
1	2	1	2
2	1	1	1
4	2	0	4
2	3	3	2
1	1	1	1
2	1	1	2
1	1	1	1
3	1	1	3
1	1	1	1
1	1	1	2
2	1	1	2
1	2	2	1
2	1	1	1
1	1	1	3
1	1	1	1
1	1	1	1
5	4	3	5
1	1	0	1
1	1	1	1
1	2	1	1
2	1	0	2
1	1	1	2
1	1	1	1
1	1	1	1
1	1	1	1
1	1	0	0
2	1	1	2
1	1	1	1
1	1	1	1
0	1	1	0
1	1	1	1
1	1	1	1
1	1	1	0
1	1	1	1
1	1	1	1
2	2	1	2
1	1	1	1
2	2	2	3
0	1	1	0
1	1	1	1
1	1	1	1
1	1	1	1
3	2	3	3
2	1	1	1
1	1	1	1
0	2	1	0
0	1	1	0
1	1	1	1
2	2	1	2
0	3	1	0
3	2	2	3
3	2	2	3
1	1	1	1
1	1	1	1
0	1	2	0
1	2	2	1
1	1	0	1
2	1	1	2
1	1	1	1
1	1	1	1
1	1	1	2
1	1	1	1
2	1	1	2
2	1	1	2
0	1	1	1
2	8	2	3
1	1	1	1
0	2	1	0
2	1	1	2
1	1	0	1
1	2	2	1
1	1	1	1
1	1	1	1
1	1	1	1
0	1	0	1
1	1	1	1
1	1	1	1
2	1	1	2
2	2	1	3
2	2	2	2
1	1	1	1
2	1	1	3
1	1	2	1
1	1	1	1
2	1	1	2
1	1	0	1
1	5	1	1
1	1	1	1
1	1	1	1
2	1	1	2
1	1	1	1
2	1	1	2
1	1	2	1
0	1	4	0
3	1	1	2
0	8	1	0
1	1	0	1
1	1	1	1
2	1	1	2
2	1	0	1
1	1	1	2
2	2	2	2
4	4	2	3
1	3	2	3
2	1	1	1
1	1	1	1
1	1	1	1
1	1	1	1
1	2	2	1
1	2	1	1
0	1	1	0
1	1	1	1
1	4	3	1
1	1	1	1
0	1	1	0
1	2	1	1
1	1	1	1
1	1	1	1
0	1	1	0
2	2	0	2
1	1	1	1
1	1	0	1
2	2	1	3
1	1	1	1
1	7	0	6
5	6	2	35
17	17	12	21
1	2	1	1
1	1	1	1
1	1	1	1
1	1	1	1
3	2	1	1
0	1	1	0
1	1	1	1
3	2	1	3
3	2	2	3
1	1	1	1
2	1	0	2
0	1	1	0
1	1	1	1
1	1	1	1
1	1	1	1
1	1	1	1
0	1	1	0
1	1	1	1
1	1	1	2
2	1	0	2
1	1	0	1
3	3	4	3
1	1	1	1
1	2	0	1
1	1	1	1
2	1	3	2
1	1	1	1
2	2	1	2
1	1	1	1
2	1	1	2
1	1	0	1
1	1	1	1
1	1	1	1
0	1	1	0
2	2	1	2
3	2	1	3
1	1	1	1
1	1	1	1
3	4	1	0
0	1	1	0
1	1	1	1
1	1	1	1
1	1	1	1
1	1	1	1
2	1	1	2
1	1	1	1
1	1	2	1
3	2	2	3
1	1	1	1
2	4	5	3
1	1	1	1
1	1	1	1
0	1	1	0
2	1	1	1
0	1	1	0
1	2	2	1
1	1	1	1
5	2	2	5
1	1	1	1
1	1	1	1
0	1	0	1
2	2	2	2
1	1	1	1
1	1	2	1
2	1	1	1
1	1	1	1
1	1	1	1
1	2	1	1
1	1	1	1
4	2	2	4
1	2	0	1
1	1	1	1
1	1	1	1
1	1	0	1
1	2	1	1
2	2	2	3
1	1	1	1
1	1	1	1
2	1	0	2
1	2	1	1
1	2	2	1
1	1	1	1
1	1	0	1
2	1	1	2
1	1	1	1
1	1	1	1
1	2	2	1
1	1	0	1
1	1	1	1
1	1	1	1
1	1	1	1
1	1	1	0
1	2	1	1
2	1	2	2
2	2	2	2
1	1	2	1
1	1	0	1
1	1	1	1
0	1	1	0
1	2	2	1
1	1	0	1
1	3	1	1
1	1	1	1
1	1	1	1
3	2	2	1
1	1	1	1
1	1	1	1
1	1	1	1
1	1	1	1
1	1	1	1
2	1	1	2
1	1	1	1
1	1	1	1
1	1	1	1
6	4	4	4
1	1	1	1
1	1	1	1
2	1	1	2
1	1	1	1
1	1	1	1
1	1	1	1
1	1	1	1
1	1	1	1
0	1	1	0
2	1	1	1
2	2	1	2
2	1	1	1
1	1	1	1
0	1	1	0
1	1	1	1
1	1	1	1
1	2	1	1
1	1	0	1
1	1	1	1
1	1	1	1
1	1	1	1
1	1	1	1
0	1	2	0
1	1	1	1
1	1	0	1
2	1	1	1
2	1	2	2
3	3	2	3
1	1	1	1
4	2	3	5
2	1	1	2
1	1	2	1
0	1	1	0
1	1	1	1
1	2	2	1
1	1	1	1
1	2	2	1
1	1	0	1
1	2	1	1
1	1	1	1
3	2	1	3
1	1	1	1
0	1	1	0
9	8	6	9
0	1	1	0
1	1	1	1
1	2	1	1
1	1	2	1
1	1	0	1
1	1	1	1
1	3	1	1
4	3	2	3
1	1	1	1
3	2	2	3
1	1	1	1
1	1	1	2
1	1	1	1
0	1	1	0
2	6	3	3
1	1	1	1
22	57	13	26
2	1	1	2
2	1	1	2
1	1	0	1
1	1	1	1
1	1	1	1
1	1	1	1
1	1	1	1
1	2	1	1
1	1	1	1
1	1	1	1
1	1	1	1
1	1	1	1
0	1	1	0
1	1	1	0
1	1	1	1
1	1	1	1
1	2	1	1
1	1	1	1
1	1	1	1
1	1	0	1
1	1	1	1
4	4	2	9
1	3	1	1
2	1	0	2
1	1	1	1
1	1	1	1
3	2	1	3
1	1	1	2
1	1	1	1
1	1	1	1
1	1	2	1
1	2	1	1
2	2	2	2
2	1	1	2
1	1	1	1
2	1	0	1
1	1	0	1
1	1	1	1
1	1	1	1
1	1	1	1
2	1	1	2
1	1	1	2
1	1	1	1
1	2	0	2
1	1	1	1
2	1	1	2
2	1	1	2
1	1	1	1
1	1	1	1
1	1	1	1
2	2	1	2
1	1	1	1
1	1	1	1
1	1	1	1
4	2	2	6
1	1	1	1
1	2	0	1
2	1	1	2
2	1	1	2
1	1	1	1
1	1	1	1
0	1	1	0
0	1	1	0
2	1	0	2
1	1	1	1
1	1	1	1
2	1	0	2
0	1	1	0
1	1	1	1
1	1	1	1
1	1	0	1
1	1	1	1
3	2	2	9
1	1	1	2
1	2	1	1
1	1	1	1
1	1	1	1
1	1	1	1
3	2	1	3
2	2	1	2
1	1	1	1
1	2	1	1
1	1	1	1
2	2	1	2
2	2	2	2
1	1	1	1
1	1	0	1
1	1	1	1
1	1	1	1
2	2	1	1
1	1	1	1
1	1	1	1
2	1	1	1
1	1	1	1
1	2	1	1
1	1	1	1
1	1	1	1
2	6	4	2
0	1	1	0
1	1	1	1
1	1	1	1
1	1	1	1
1	1	1	1
3	1	1	3
2	1	1	1
2	1	1	2
1	1	1	1
1	1	1	1
1	2	1	1
2	2	2	2
2	2	1	2
1	1	0	1
1	1	0	1
1	1	1	1
1	1	0	1
2	2	1	2
1	1	1	1
1	1	0	1
0	13	2	0
0	1	1	0
1	1	1	1
1	1	1	1
1	1	1	1
1	1	1	1
1	1	1	1
1	1	1	1
2	1	1	1
1	1	2	1
1	1	1	1
1	1	1	1
2	1	1	2
0	1	1	0
1	1	1	1
1	1	1	1
1	1	1	1
0	1	1	0
2	1	2	1
2	2	2	2
2	1	1	1
1	1	1	1
5	2	1	4
1	1	1	1
1	1	1	1
2	2	2	2
1	1	1	1
1	1	1	1
1	1	1	1
1	1	1	1
1	1	1	1
1	1	1	1
1	1	0	1
1	1	1	1
1	1	1	1
2	1	1	2
0	3	1	0
3	2	2	3
1	1	1	1
1	1	1	1
1	1	1	1
2	2	2	2
1	1	1	1
3	2	2	3
1	1	1	1
0	1	0	1
0	1	1	1
1	1	1	1
1	1	1	2
2	1	0	2
2	1	1	2
0	1	1	0
2	2	2	2
0	1	1	0
1	1	1	1
1	1	1	1
1	1	1	1
4	2	2	4
1	1	1	1
6	3	3	7
1	1	1	1
2	2	1	2
2	1	1	2
2	2	2	2
1	1	1	1
1	1	2	1
2	2	2	4
2	2	1	2
0	1	1	0
0	1	1	1
1	1	1	1
1	2	3	1
3	2	2	3
2	1	0	2
1	1	1	1
3	2	2	4
1	1	1	1
1	1	0	1
3	1	1	2
1	1	1	1
1	2	2	1
3	2	2	3
1	1	1	1
2	1	1	1
1	1	1	1
2	1	1	2
1	1	1	1
1	1	1	1
1	1	1	1
2	1	0	2
2	1	1	2
1	3	0	1
0	1	1	0
1	1	1	1
1	1	1	1
1	1	1	1
1	1	1	1
6	4	4	5
6	1	3	4
1	1	1	1
1	1	0	1
0	4	1	0
2	1	1	2
1	1	1	1
2	1	1	1
2	1	1	2
1	2	1	1
1	1	1	1
1	1	0	1
0	1	1	0
2	1	0	1
1	1	1	1
1	1	1	1
0	1	1	0
4	2	2	5
1	1	0	0
1	1	0	1
1	1	1	1
1	1	1	1
2	1	1	2
1	1	1	1
2	2	2	2
2	1	1	1
1	1	1	2
0	1	1	0
2	2	1	2
1	1	1	0
1	1	0	1
1	1	1	1
1	3	1	1
1	1	2	1
2	1	1	2
1	1	1	1
1	1	2	1
1	1	1	1
1	1	1	1
1	1	1	1
0	1	1	0
1	1	1	1
1	1	1	1
2	2	1	2
2	2	1	2
1	1	0	1
1	2	2	2
1	2	1	1
1	1	1	1
0	2	2	0
1	1	1	1
1	1	0	1
1	1	1	1
1	1	1	1
1	1	1	1
2	1	1	2
1	1	1	1
1	1	1	1
1	1	1	1
1	1	1	1
4	4	3	5
3	2	3	3
1	1	1	1
2	1	1	2
1	2	1	1
2	1	1	2
1	1	1	1
1	3	2	1
3	3	2	3
1	1	1	1
1	1	1	2
1	1	0	1
2	1	2	1
1	1	0	1
0	1	1	0
1	1	1	1
2	2	2	2
1	1	1	1
0	1	2	0
1	1	0	1
0	1	1	0
0	2	2	0
1	2	1	1
5	8	6	5
1	1	1	2
1	1	1	1
1	2	2	1
1	1	1	2
0	5	1	1
1	1	1	1
1	1	1	1
1	1	1	1
1	1	1	1
0	1	0	1
1	1	1	1
1	1	1	1
1	1	1	1
1	1	1	1
1	1	1	2
1	1	1	1
1	1	1	1
4	4	3	4
1	1	1	1
1	1	1	2
2	1	1	2
1	1	1	1
1	2	0	1
0	12	1	0
1	1	1	1
0	1	1	0
2	1	1	1
0	1	2	0
2	2	2	1
2	2	2	2
1	5	2	1
1	1	1	1
2	3	2	2
2	1	1	2
1	2	1	1
2	1	1	2
1	1	0	1
1	1	1	1
1	1	1	1
0	1	1	0
1	1	1	1
0	1	1	0
1	1	1	1
1	1	0	1
1	1	1	1
1	1	1	1
1	1	2	1
0	1	4	0
1	1	2	2
0	1	1	1
2	2	1	3
1	1	1	1
2	1	1	2
3	2	2	3
1	1	0	1
2	1	1	2
0	8	2	0
1	1	1	1
1	1	1	1
2	2	2	2
1	1	1	1
2	2	1	2
1	1	1	1
1	1	1	1
1	1	0	1
1	1	1	1
1	1	1	1
1	3	1	1
0	1	2	1
1	1	1	1
2	1	1	1
1	1	1	1
1	1	2	1
1	3	1	1
0	1	1	0
4	3	3	4
2	1	1	1
2	1	1	2
3	3	2	3
1	1	1	1
3	1	2	3
2	2	2	2
1	2	1	1
1	1	1	1
2	1	2	2
0	1	1	0
1	1	0	1
2	1	1	2
0	1	1	0
5	1	4	3
0	1	1	0
2	1	1	1
5	5	3	3
1	1	1	1
2	2	2	2
1	1	1	1
1	2	1	1
2	2	1	2
1	1	1	1
1	1	2	1
0	1	1	0
3	1	1	2
2	3	1	2
1	1	1	1
1	1	1	1
1	1	1	1
1	1	1	1
0	1	1	0
1	5	1	6
3	1	1	3
1	2	1	1
1	1	1	1
4	14	7	7
2	1	1	2
1	1	1	1
0	1	1	0
0	1	0	2
1	2	1	1
1	1	1	1
1	3	4	2
2	2	2	1
2	1	1	1
1	1	2	1
1	1	1	1
1	1	1	1
1	1	1	1
2	1	1	3
1	1	2	1
1	2	1	1
1	1	1	1
4	3	3	4
1	1	1	1
1	2	2	1
1	1	1	1
2	1	1	1
1	1	1	1
1	1	0	1
2	2	2	3
1	1	1	1
1	1	1	1
1	1	1	1
0	1	0	1
0	1	1	0
1	1	1	1
1	2	1	1
0	1	1	0
1	1	2	1
2	1	0	2
1	1	1	1
2	1	1	2
1	1	1	2
1	1	1	1
0	1	1	1
1	1	0	1
1	1	1	2
7	3	2	7
1	1	1	1
1	1	1	1
2	1	1	2
1	1	0	1
1	2	2	2
1	1	1	1
1	1	1	1
1	1	0	1
1	1	1	1
0	1	1	0
1	1	1	1
1	1	1	1
2	1	1	2
1	1	1	1
2	1	1	2
1	1	1	0
0	1	0	1
1	1	1	1
1	1	1	1
1	1	0	1
1	1	1	1
1	1	1	1
8	7	5	7
1	1	0	1
1	1	1	1
2	1	0	2
1	1	1	1
1	1	1	1
2	1	1	2
1	1	2	1
1	1	1	1
1	1	1	1
1	2	1	1
1	1	1	1
1	1	1	1
1	1	0	1
1	1	1	1
1	1	1	1
1	1	0	1
1	1	1	1
1	1	1	1
1	1	1	1
1	1	1	1
1	1	1	1
0	1	1	0
1	1	1	1
1	1	0	1
1	1	1	1
2	1	2	2
3	3	2	4
2	1	0	2
1	1	1	1
3	2	2	2
3	2	3	3
1	1	1	1
2	3	2	2
0	2	1	0
1	1	1	1
1	1	1	1
1	1	1	1
2	1	0	2
1	1	1	1
0	1	2	0
1	2	1	2
2	2	2	2
1	1	1	1
1	1	1	1
2	1	0	2
1	1	1	1
1	1	1	1
0	1	1	0
1	1	1	1
0	1	1	0
2	1	1	2
2	1	0	2
1	1	2	1
2	1	1	2
0	1	1	1
1	1	1	1
1	1	2	1
1	1	1	1
1	1	1	1
1	2	3	1
1	1	1	2
1	1	1	1
2	1	2	2
2	1	1	2
1	1	1	1
1	1	1	2
1	1	1	1
1	1	1	1
0	1	1	0
3	2	2	3
1	1	1	1
1	1	1	0
1	1	1	1
2	2	2	2
1	2	1	1
3	2	1	3
2	1	1	2
1	1	1	1
0	1	1	0
1	1	0	1
1	1	1	1
2	1	1	2
1	1	1	1
1	1	1	1
1	1	1	1
1	1	1	1
1	1	1	3
2	2	2	2
3	2	1	3
1	1	1	1
1	1	0	2
1	1	1	1
1	1	1	1
2	1	1	1
1	1	1	1
1	1	1	1
1	1	1	1
1	1	1	1
1	2	1	1
2	2	2	2
1	1	1	2
1	2	2	1
0	1	1	1
1	1	0	1
1	2	2	1
3	2	1	3
1	1	0	1
1	1	0	1
1	1	0	1
1	4	1	1
1	1	2	1
2	1	1	3
1	1	1	1
1	1	1	1
1	1	1	1
1	1	1	1
1	1	1	1
1	1	1	1
3	3	2	6
1	1	1	1
1	1	0	1
2	2	2	2
0	1	1	0
2	1	1	5
1	1	1	1
2	1	1	1
1	1	1	1
1	3	2	1
1	1	1	1
0	1	2	0
2	4	2	3
1	2	0	1
3	1	1	3
1	1	3	1
1	2	2	1
0	1	1	1
2	2	2	3
0	1	1	1
7	5	5	7
1	1	1	1
1	1	1	1
1	1	1	1
0	1	1	0
4	3	2	4
1	1	3	1
2	1	1	1
1	1	1	1
0	1	1	0
1	1	1	1
2	2	2	2
1	1	1	1
1	1	1	1
1	1	1	1
2	1	2	2
2	1	0	2
1	1	1	1
0	1	1	1
2	1	0	3
1	2	1	1
2	3	2	3
2	1	1	2
1	1	1	1
2	1	1	2
1	1	2	1
1	1	0	1
3	2	1	3
3	1	0	1
1	1	1	1
1	1	1	1
0	1	1	0
1	1	0	1
1	1	1	1
1	1	1	1
1	1	1	1
0	1	1	0
2	1	1	2
0	1	1	0
1	1	1	1
1	1	0	1
1	1	0	1
1	1	1	1
2	1	4	1
0	2	1	1
1	1	1	1
3	1	2	2
1	1	1	1
1	2	2	1
1	2	1	1
1	2	2	1
1	1	1	1
1	1	1	1
1	2	1	1
1	1	1	1
2	1	1	1
2	1	1	1
1	2	1	0
1	1	1	1
1	1	1	1
1	4	1	1
1	1	1	1
1	1	1	1
1	1	1	1
1	2	4	1
2	1	1	1
2	2	2	2
2	1	1	2
3	1	0	2
1	1	1	1
2	1	1	2
0	1	1	1
4	3	3	6
1	1	1	1
1	1	1	1
1	2	1	1
1	1	1	1
22	9	10	17
0	1	1	0
1	1	2	1
1	1	1	1
2	2	2	2
1	1	1	1
1	1	1	1
2	1	0	2
1	1	1	1
1	1	1	1
1	1	0	1
1	1	0	1
1	1	1	1
0	1	1	0
1	1	1	1
1	1	1	1
1	1	1	1
1	1	0	1
1	1	0	1
3	2	2	1
1	1	1	1
4	3	2	5
2	4	1	2
0	1	3	0
1	1	1	1
1	1	1	1
2	1	1	2
1	1	1	1
6	8	4	6
1	1	1	1
0	1	1	0
1	1	1	2
1	1	1	1
2	1	0	2
5	4	3	6
2	1	1	2
1	1	1	2
1	1	0	1
1	1	2	1
3	1	1	3
1	1	1	1
4	2	2	3
0	1	1	0
1	1	1	0
1	1	1	1
1	1	1	1
2	1	1	1
1	1	1	1
0	1	1	0
1	2	2	1
1	1	1	1
1	2	1	1
1	1	1	1
1	1	1	1
1	1	1	1
1	1	1	1
1	1	1	1
2	1	1	2
1	2	1	2
0	1	1	0
1	1	1	1
0	1	1	0
1	1	1	1
0	1	2	0
2	2	1	2
1	1	1	1
1	1	1	1
1	1	1	1
0	2	2	0
1	1	1	1
2	2	1	2
2	1	1	2
1	1	1	1
1	1	1	1
1	2	1	1
1	1	2	1
1	1	1	1
2	1	1	2
1	1	1	1
2	1	1	1
1	1	1	1
2	2	0	3
2	1	1	2
0	1	1	0
1	1	1	1
1	1	0	1
2	1	1	2
2	2	2	4
1	1	0	1
2	2	2	2
0	1	1	0
1	1	1	1
0	1	1	0
1	1	1	1
6	2	1	3
2	1	1	2
2	1	1	1
1	1	1	1
1	1	1	1
2	4	2	2
2	1	0	2
1	2	2	1
0	1	1	1
1	2	2	3
2	1	1	2
2	1	0	2
1	1	0	1
1	1	1	1
1	1	1	1
0	1	2	2
1	2	2	1
3	1	0	3
2	1	1	2
1	1	1	1
1	1	2	1
2	1	2	2
1	2	1	1
2	1	1	2
7	2	2	7
1	1	1	1
1	1	1	2
1	1	1	2
1	1	3	1
2	2	2	2
0	1	1	0
1	1	1	1
2	2	2	2
1	1	1	1
1	1	1	1
1	1	1	1
2	1	1	1
1	1	1	1
1	1	1	1
2	2	2	2
3	4	3	3
1	1	1	1
1	1	1	1
1	1	2	2
2	1	1	2
1	1	1	1
1	1	1	1
2	2	2	2
2	1	0	2
1	1	1	1
2	1	0	1
1	1	1	1
3	3	2	3
0	1	1	0
1	1	1	1
1	1	1	1
1	1	1	1
1	1	1	1
1	2	1	1
1	1	1	1
1	1	1	1
1	1	0	1
1	1	1	1
1	1	1	1
2	1	1	2
1	1	1	1
3	2	2	3
3	1	1	1
1	1	1	1
1	1	2	1
2	2	1	2
2	1	1	2
1	2	2	1
4	3	1	6
1	1	1	1
1	1	1	1
1	1	1	1
1	1	1	1
1	1	0	1
0	1	1	0
0	1	1	0
1	1	1	1
4	1	1	3
1	1	1	1
1	2	1	2
0	1	1	0
2	1	1	1
1	1	1	1
0	1	1	0
1	1	1	0
1	1	1	1
1	1	1	1
0	1	1	0
2	2	1	2
2	1	1	2
1	1	1	1
1	1	1	1
1	1	1	1
2	3	1	2
1	1	0	1
1	1	1	1
0	1	1	1
0	1	1	0
0	1	1	0
1	1	0	1
1	1	1	1
1	1	0	1
1	1	1	2
1	1	1	1
4	1	1	3
1	1	1	1
1	1	0	1
1	1	1	1
2	1	1	2
1	1	1	1
0	1	0	1
1	1	1	1
1	1	1	1
1	1	1	1
1	1	0	1
0	1	0	1
2	1	0	1
2	1	1	1
3	1	1	3
1	1	1	1
1	1	1	1
1	1	2	1
2	1	1	2
1	1	1	1
2	1	1	1
0	1	1	0
4	3	2	4
1	2	1	1
3	1	1	4
1	1	1	1
2	2	1	1
1	1	1	1
1	1	1	1
2	1	1	2
1	1	0	2
1	1	0	1
2	1	1	1
2	1	1	2
1	3	1	2
1	2	1	1
1	1	1	1
1	1	1	1
4	1	1	3
1	1	1	1
1	1	1	1
1	1	0	1
1	2	1	1
1	1	1	1
0	1	1	0
1	1	1	1
0	1	1	1
2	2	2	2
2	2	1	2
1	1	1	1
2	2	2	2
2	1	2	2
1	1	1	1
1	1	1	1
2	1	1	2
1	1	1	1
1	1	1	1
2	1	1	1
0	1	1	0
2	2	1	2
1	1	0	1
1	2	0	1
1	1	1	1
1	1	1	1
2	1	1	1
1	1	1	1
1	1	1	1
1	1	1	1
1	1	1	1
2	1	1	3
3	2	1	3
2	3	1	2
1	1	0	1
1	1	1	1
1	1	1	1
0	1	1	0
1	1	1	1
2	2	1	2
1	1	1	1
2	2	1	4
1	1	1	1
1	2	1	1
0	2	2	0
1	2	2	1
1	2	1	1
1	1	1	1
1	1	1	1
1	1	1	1
1	1	1	1
1	1	1	2
1	1	0	1
13	13	9	12
1	1	1	1
1	1	1	1
0	1	1	0
2	1	1	2
0	1	1	0
1	1	1	1
1	1	0	1
2	2	1	2
1	1	1	2
2	1	2	2
2	4	4	2
2	1	1	2
0	9	2	0
8	6	4	7
1	1	1	1
2	1	1	2
1	2	2	1
0	1	1	0
1	1	1	2
2	2	2	2
3	2	2	3
5	2	2	3
1	1	1	1
1	2	1	2
1	3	0	5
0	1	0	1
1	1	1	2
3	1	1	3
1	1	1	1
1	1	1	1
2	1	1	2
2	1	1	2
3	3	2	2
1	1	1	1
1	2	1	0
1	1	1	1
1	1	1	1
1	1	1	1
1	2	1	1
5	14	0	19
1	1	1	1
1	2	1	1
1	2	1	1
1	1	1	1
1	1	1	1
1	1	1	1
1	1	0	1
5	3	4	5
2	1	1	2
1	1	0	1
1	1	0	2
1	1	1	1
1	1	1	1
4	7	2	2
2	1	1	2
1	1	1	1
2	1	2	1
1	1	1	1
1	1	1	1
0	1	2	0
1	1	1	1
1	1	0	1
1	1	1	1
1	1	1	1
1	1	1	1
1	1	1	1
1	1	1	1
0	1	1	0
2	1	1	2
2	1	1	2
3	1	1	3
0	1	1	0
1	1	1	1
0	1	1	0
1	1	1	2
0	1	1	0
0	1	1	0
1	1	1	1
2	1	1	2
1	1	1	1
1	1	1	1
1	1	1	1
0	1	1	0
1	1	1	1
4	1	1	3
0	1	0	1
1	2	2	1
1	1	1	1
1	1	1	1
1	1	1	1
1	1	1	1
1	2	0	1
1	1	1	1
1	1	1	1
0	1	1	0
1	2	1	1
1	1	1	1
2	1	0	1
1	2	2	0
3	1	3	3
1	1	1	2
2	1	0	1
1	1	1	1
1	1	1	1
1	1	1	1
0	1	1	0
1	2	2	1
1	1	1	1
1	1	0	1
1	1	1	1
1	1	1	1
1	2	1	1
3	1	1	2
3	2	2	3
1	2	1	1
2	1	1	2
2	2	2	2
0	1	0	1
3	2	1	3
1	1	1	1
1	1	1	1
3	1	1	3
2	1	1	2
1	1	1	1
1	2	2	2
1	1	1	1
1	1	1	1
1	1	1	1
1	1	2	1
1	1	1	1
1	1	2	1
2	1	0	3
1	1	1	1
1	1	1	1
1	1	1	1
1	1	1	1
0	2	1	0
1	1	1	2
1	1	1	1
1	1	1	1
1	1	1	1
2	1	2	2
2	1	2	3
2	1	1	2
1	1	1	1
1	1	1	1
0	3	1	0
1	1	1	1
1	1	0	1
2	1	1	1
0	1	1	0
1	1	1	1
4	2	2	3
1	1	1	1
1	1	1	1
2	1	3	1
2	1	1	2
1	1	1	2
2	1	1	2
1	1	1	1
2	1	1	2
1	1	1	1
0	1	1	0
2	1	1	1
3	2	1	3
1	1	1	1
2	2	2	2
1	1	1	1
1	2	1	1
2	2	2	2
1	1	1	1
1	1	1	1
1	1	1	0
1	1	1	1
1	1	1	1
1	1	1	3
1	1	1	1
3	1	1	2
0	1	1	0
1	1	1	1
1	1	1	1
0	1	1	0
2	2	2	2
1	1	0	1
1	1	1	0
0	2	1	1
1	1	1	1
1	2	1	1
1	1	1	1
1	1	1	1
3	2	0	3
1	1	1	1
1	1	1	1
1	1	1	1
2	1	3	2
1	1	1	1
1	1	0	1
1	1	1	1
1	1	1	1
1	1	1	1
1	1	0	1
3	2	1	3
16	14	13	16
0	1	1	0
1	1	1	1
1	1	1	1
1	1	1	1
2	1	1	2
1	1	2	1
3	3	0	1
1	1	1	1
1	1	1	1
1	1	1	1
1	1	1	1
2	2	2	2
5	4	6	4
1	1	2	1
2	3	0	2
5	2	1	4
1	2	1	1
2	2	1	2
2	2	1	2
1	1	1	1
1	1	1	1
1	1	1	1
1	1	1	1
0	1	1	0
1	1	1	1
2	1	1	1
1	1	1	1
5	1	1	5
2	3	1	2
1	1	0	1
0	1	1	0
1	2	1	2
1	1	2	1
1	1	1	1
1	1	0	1
1	1	1	1
1	1	1	1
0	2	1	0
1	1	1	1
2	1	1	2
1	1	1	1
1	1	1	1
2	1	1	2
2	2	2	2
1	1	1	2
1	1	1	1
1	1	1	1
2	1	1	1
1	1	1	1
2	2	1	2
1	5	2	4
2	2	1	2
2	1	1	1
1	1	1	1
3	2	1	3
0	1	0	1
1	1	1	1
0	1	1	0
3	4	3	4
1	1	1	1
4	1	1	2
1	1	1	1
1	1	1	1
1	1	1	1
1	2	2	1
2	1	0	1
1	2	1	1
1	1	1	1
1	2	0	1
2	1	1	1
1	1	0	1
1	1	1	1
1	1	1	1
1	1	1	1
0	1	0	1
1	1	1	1
1	1	1	1
2	2	2	2
3	2	2	2
1	1	1	1
1	2	1	1
1	1	1	1
3	2	1	3
2	1	1	2
1	1	1	1
2	1	1	3
1	1	1	1
1	1	1	2
2	1	1	2
1	1	1	1
1	1	1	1
1	1	1	2
1	1	1	1
1	2	0	1
1	1	1	1
4	3	2	4
1	1	1	1
1	1	1	1
1	1	1	1
2	1	1	2
3	1	1	3
1	1	1	1
1	1	1	0
0	1	1	0
4	3	1	1
1	1	1	1
1	1	1	1
1	1	1	1
1	1	1	1
1	1	1	1
0	1	1	0
1	1	1	1
1	1	1	1
1	1	1	2
0	1	1	1
1	1	1	1
1	1	1	1
1	1	1	1
0	1	1	0
0	1	1	0
1	1	1	1
1	1	1	1
1	1	1	1
3	1	2	1
1	1	1	1
2	2	1	2
1	1	1	1
1	1	1	1
8	8	5	9
0	2	1	1
1	1	1	1
1	1	1	1
29	2	0	1
1	1	1	1
2	2	1	2
0	1	1	0
1	1	1	1
0	1	1	0
1	1	1	1
1	1	0	3
1	1	0	1
1	1	0	1
0	1	1	0
6	1	6	8
1	1	1	1
1	1	1	1
1	1	1	1
0	1	1	0
3	2	1	3
2	1	1	1
1	1	1	1
1	1	2	1
2	1	1	1
1	1	1	1
0	1	0	1
1	1	1	1
1	1	1	1
1	1	1	1
1	1	1	1
2	1	1	2
0	1	1	0
1	1	1	1
2	1	3	2
1	2	1	1
2	1	1	1
1	1	2	1
1	1	1	1
1	1	1	1
1	1	1	1
1	1	1	1
1	20	3	1
1	1	0	1
3	1	1	2
2	2	2	2
1	2	1	1
1	1	2	1
2	1	1	2
1	1	1	1
1	1	1	1
1	2	0	1
1	1	1	1
1	1	1	1
1	1	1	1
3	3	2	4
1	1	1	1
1	1	0	1
1	1	1	1
1	1	1	1
1	1	1	1
2	1	0	2
1	1	1	1
1	1	1	1
0	1	0	1
1	1	1	1
1	1	1	1
1	1	1	1
1	1	1	1
4	2	0	3
1	1	2	1
1	1	1	1
2	1	1	2
2	2	2	2
2	1	0	2
1	1	1	1
1	2	1	1
1	2	1	1
1	1	1	1
1	1	1	1
1	2	1	2
0	1	1	0
1	1	1	1
1	1	1	1
1	1	1	1
1	2	1	1
1	1	1	1
1	1	1	1
1	1	1	1
1	1	1	1
1	1	1	1
1	1	1	1
1	1	1	1
1	1	1	1
2	1	0	2
3	2	1	2
1	1	1	1
1	1	1	1
3	2	1	2
2	1	1	2
1	1	0	1
1	1	1	1
1	2	1	1
2	1	1	1
1	1	1	1
1	1	1	1
0	1	1	0
1	1	1	1
1	1	1	1
1	1	0	1
1	1	1	1
1	1	1	1
1	1	0	1
1	2	1	1
2	1	1	2
0	85	2	0
0	1	0	1
1	1	1	1
1	1	1	1
1	1	1	1
2	2	2	1
1	1	1	1
1	1	0	1
0	1	1	0
1	1	0	1
1	1	1	1
2	1	1	2
1	1	1	1
1	1	1	1
1	1	1	1
1	1	1	1
1	1	1	1
1	1	1	0
1	1	1	1
1	1	1	1
1	1	1	1
1	2	1	1
1	1	1	1
1	1	2	1
1	1	1	1
2	1	1	3
1	1	1	1
1	1	1	1
0	3	2	0
1	1	1	1
0	4	1	0
2	1	1	2
8	4	4	8
1	1	1	1
1	1	1	1
1	1	1	1
1	1	1	1
1	1	1	0
1	1	0	1
1	1	1	1
1	2	2	1
0	1	1	0
1	1	1	1
2	1	1	1
0	1	1	0
1	1	1	1
1	1	1	1
1	1	0	0
4	2	2	4
0	1	1	0
1	1	1	1
1	1	0	1
2	1	1	2
1	1	1	1
1	1	1	1
1	1	1	1
3	2	2	5
1	1	1	1
1	1	1	1
1	2	1	1
1	1	1	1
2	1	1	2
1	1	1	1
1	1	1	1
1	1	1	1
1	1	1	1
1	1	0	1
2	1	1	2
1	1	1	1
1	1	1	2
3	2	1	3
2	1	1	1
2	1	1	2
2	3	2	3
1	1	2	0
1	2	1	1
1	1	1	1
1	1	1	1
1	1	1	2
0	1	1	0
1	4	2	2
0	1	1	0
1	1	1	1
1	1	1	1
1	1	1	1
1	1	0	2
1	1	2	1
2	1	2	2
2	2	2	3
0	1	1	0
1	2	2	1
3	2	2	2
1	1	1	1
1	1	1	1
1	1	0	1
1	2	0	1
0	1	2	0
1	1	1	1
1	1	1	1
0	1	1	2
0	1	1	0
1	1	1	1
1	1	0	1
1	1	1	1
2	2	0	1
1	3	0	1
3	1	1	2
1	1	0	1
1	1	2	1
2	1	1	2
2	2	2	2
0	1	1	0
1	1	1	1
1	1	1	1
1	1	1	1
1	1	1	1
0	1	1	0
1	1	1	1
1	1	1	1
1	1	1	1
2	1	0	1
0	1	1	0
2	1	1	2
2	1	1	2
0	1	0	1
1	1	1	1
0	1	1	0
1	3	0	5
3	2	2	3
1	1	1	1
3	1	3	2
1	1	1	1
1	1	1	1
2	2	2	2
2	2	1	2
2	1	1	3
1	1	1	1
1	1	1	1
1	1	1	1
1	1	1	1
1	1	0	1
3	2	1	5
2	2	1	2
0	1	1	0
1	1	1	1
1	1	1	1
2	3	3	2
3	2	2	4
1	1	1	1
1	1	1	1
3	2	1	3
1	1	1	1
3	2	2	3
1	2	1	1
1	1	1	1
1	1	1	1
1	2	1	1
1	1	1	1
2	1	1	2
1	1	1	2
2	2	2	2
1	1	1	1
1	1	1	1
0	1	1	0
2	1	1	1
1	2	2	1
1	1	1	1
1	2	2	1
1	1	1	1
1	1	1	1
1	1	1	1
2	1	1	2
1	2	1	1
2	1	1	2
2	2	1	2
1	1	2	1
2	1	1	1
1	1	1	1
1	1	1	1
1	1	1	1
1	2	0	1
1	2	2	1
0	1	1	0
1	1	1	2
1	1	6	1
1	1	1	1
1	1	1	2
9	5	2	8
1	1	0	0
4	6	4	3
1	1	1	1
2	1	1	2
1	1	1	1
1	1	0	1
1	2	1	1
1	1	2	2
1	1	1	1
1	1	1	1
1	1	1	1
1	1	1	1
1	1	1	1
3	2	2	2
1	1	1	1
4	2	2	4
1	1	1	1
1	1	1	1
1	1	0	1
1	1	0	1
1	1	3	1
0	1	1	0
1	1	1	1
2	2	1	2
2	1	1	1
1	1	1	2
0	1	1	0
1	1	1	1
1	1	1	1
2	2	2	2
1	3	1	1
1	1	1	1
1	1	1	1
2	1	0	1
2	2	2	2
2	1	1	2
2	1	2	2
4	3	2	4
0	1	1	2
1	1	1	1
2	1	0	2
0	1	1	0
1	1	1	1
0	1	1	0
0	1	1	0
1	1	1	1
2	1	0	1
1	1	1	1
1	1	2	1
1	2	2	1
1	1	2	1
1	1	1	1
1	1	1	1
2	3	2	2
2	1	2	1
2	1	1	2
2	1	1	2
1	1	1	1
2	1	0	2
1	1	1	1
9	9	9	10
2	2	1	2
1	2	2	1
1	2	2	2
1	1	1	1
2	1	1	1
1	1	1	1
2	1	1	2
0	2	0	2
2	1	0	2
1	1	1	1
1	1	1	2
3	2	2	3
1	1	1	1
1	1	1	1
1	1	0	1
0	1	1	0
2	1	2	2
1	1	0	1
2	1	1	1
1	1	1	1
1	2	2	1
1	3	1	1
3	2	2	3
2	1	1	2
1	1	1	1
0	1	1	1
1	1	1	1
2	2	2	2
1	1	1	2
1	1	0	1
1	1	1	1
1	1	1	1
2	1	2	1
1	3	0	2
2	1	1	2
1	1	1	1
0	1	1	0
2	1	1	2
1	1	1	1
0	1	1	0
2	2	2	1
1	1	0	1
1	1	1	1
3	1	1	2
0	3	1	0
1	1	1	1
1	1	1	2
1	1	1	1
1	1	1	1
1	1	1	1
2	1	1	2
1	1	2	1
1	1	1	1
1	1	1	1
2	2	1	3
1	1	1	1
2	1	1	2
1	1	1	1
2	2	2	2
2	1	1	1
3	1	1	2
4	3	1	4
1	1	1	1
0	1	1	0
1	1	1	1
1	1	1	1
1	1	1	1
1	1	1	1
1	2	2	1
1	1	1	1
1	1	1	1
1	1	1	1
1	1	1	1
2	3	3	2
2	2	1	3
1	1	1	1
1	1	1	1
1	1	0	1
2	1	1	1
1	1	1	2
2	1	1	2
1	1	1	1
2	2	2	2
2	1	1	2
1	1	1	1
2	2	1	2
1	1	0	1
0	1	2	0
1	1	1	1
1	1	1	1
1	1	1	1
1	1	1	1
0	1	1	0
1	1	1	1
1	1	1	2
1	1	1	1
0	1	1	0
0	3	0	1
1	1	1	1
1	2	2	1
2	1	1	1
1	2	1	1
0	1	1	0
1	1	1	1
0	1	1	0
2	1	1	2
1	1	1	1
0	1	1	0
1	1	1	1
2	1	1	1
1	2	2	3
1	1	1	1
1	3	1	1
0	1	1	1
2	2	2	2
1	2	1	1
0	1	1	1
1	1	1	1
1	1	1	1
2	3	2	2
1	2	0	1
1	1	1	1
3	1	0	2
1	1	1	1
1	1	1	1
3	2	1	2
1	1	1	1
2	2	1	2
1	1	1	1
1	1	1	1
1	1	1	1
1	1	1	1
1	1	1	1
1	1	1	1
1	1	1	1
0	1	1	0
1	1	1	1
2	1	2	1
1	1	0	1
1	1	1	1
0	1	1	0
1	1	1	1
1	1	1	1
1	2	1	1
1	1	1	1
1	1	1	1
0	2	1	0
1	1	1	1
1	1	1	1
1	2	1	1
1	1	1	1
0	1	1	0
2	1	1	2
4	4	3	4
1	1	1	1
1	1	0	1
2	1	1	2
1	1	1	1
2	4	2	2
1	1	1	1
1	1	1	1
2	1	1	2
3	2	3	4
2	1	1	2
1	1	0	1
1	1	2	1
1	2	4	0
0	1	2	2
1	1	0	1
1	2	1	1
1	1	1	1
1	1	0	1
1	1	1	1
1	1	1	1
7	8	4	9
2	1	0	3
1	1	2	1
3	1	2	3
2	2	1	2
0	1	0	1
1	1	1	1
0	2	1	0
2	2	1	2
1	1	1	1
1	1	1	1
1	1	1	1
3	2	1	3
1	1	1	1
1	1	1	1
2	3	3	3
2	2	1	2
1	1	1	1
4	2	2	4
3	3	4	2
2	2	2	2
2	1	1	1
1	1	1	1
2	2	2	2
1	1	1	1
1	1	1	1
0	1	1	0
2	1	1	1
1	1	1	1
1	1	1	3
1	1	0	1
2	1	1	1
1	1	0	1
2	2	1	2
1	1	1	1
1	2	2	1
4	4	1	4
3	1	1	3
2	1	1	2
1	1	1	1
2	2	0	2
1	1	1	2
0	1	1	0
0	1	1	1
1	1	1	1
1	1	1	1
0	1	1	0
2	1	2	2
1	1	0	2
0	1	1	0
2	1	1	1
2	1	1	2
1	1	1	2
1	1	1	1
1	1	1	1
1	1	1	1
1	1	1	1
1	2	2	1
2	1	0	1
1	1	1	1
1	1	1	1
1	1	2	1
1	2	1	1
1	1	1	1
1	1	1	1
2	1	1	2
1	1	1	1
1	1	1	1
1	1	1	1
1	1	1	1
1	1	1	1
1	1	1	1
0	1	2	0
1	1	1	1
1	1	1	1
1	1	1	1
1	1	1	1
0	4	1	0
3	3	2	2
0	1	1	0
2	2	2	2
1	1	1	1
2	1	1	2
1	1	1	1
2	1	1	1
0	1	1	0
2	1	1	1
2	2	2	2
1	1	1	1
1	1	0	1
1	1	1	1
2	2	2	2
0	1	1	0
1	1	1	1
1	1	1	1
1	1	1	1
1	1	1	1
4	1	2	4
1	2	0	1
1	1	1	1
1	1	0	1
2	1	1	2
1	1	1	1
2	3	1	3
1	2	1	1
1	1	1	2
0	1	1	0
1	1	1	1
1	1	1	1
3	2	3	3
1	1	1	2
3	1	1	2
2	1	0	1
1	1	1	1
3	2	3	2
1	1	1	1
1	1	1	1
0	1	2	0
1	1	1	1
2	1	1	2
2	1	2	1
1	1	1	1
1	2	1	1
2	1	1	1
2	1	1	1
2	1	2	2
1	1	1	1
1	1	1	1
0	1	1	0
1	1	1	1
1	1	1	1
1	2	0	1
1	1	1	1
0	2	2	0
1	1	1	1
2	2	1	2
2	3	2	3
1	1	1	1
1	1	1	1
3	2	1	2
1	1	0	2
2	1	1	1
1	1	1	1
7	3	2	7
1	1	3	1
1	1	1	1
1	2	2	1
2	1	1	2
1	1	1	1
1	1	1	1
2	1	1	3
0	1	0	1
1	1	1	1
3	2	0	2
1	1	0	1
0	1	1	0
2	1	1	2
1	2	1	2
2	1	1	2
1	1	1	1
2	1	2	2
1	1	1	1
1	1	1	1
2	2	1	2
0	2	1	0
2	3	2	1
1	1	1	1
1	1	2	1
1	1	1	1
4	2	2	4
1	1	1	1
1	1	1	1
2	1	1	2
2	2	2	2
1	1	1	1
5	4	4	4
0	1	1	0
1	1	0	1
1	1	1	1
1	1	1	1
2	2	2	2
1	1	1	1
1	1	1	1
1	1	1	2
1	1	1	1
0	1	1	0
1	1	1	1
1	2	1	1
2	3	3	2
2	1	3	2
4	3	2	4
1	1	1	1
4	1	1	8
3	2	1	3
1	1	0	2
1	1	1	1
1	1	1	1
1	1	1	1
2	2	1	2
0	1	1	0
1	1	1	1
0	1	1	0
1	1	1	2
0	1	1	0
1	1	1	1
0	2	1	0
3	9	2	3
1	1	1	1
1	1	1	2
1	1	1	1
1	1	2	1
0	1	2	0
0	1	1	0
1	1	1	1
2	1	1	1
0	2	1	0
1	1	0	1
1	1	1	2
0	1	1	0
1	1	0	1
0	1	1	1
0	1	1	0
1	1	1	1
1	1	1	1
1	1	1	1
1	1	1	1
1	1	1	2
1	1	1	1
1	1	0	1
1	1	0	1
0	1	4	0
1	1	1	1
1	1	1	1
1	1	1	1
1	2	0	1
2	3	2	2
0	1	1	0
4	3	2	4
1	1	2	1
1	1	1	1
1	1	0	1
1	1	0	1
2	1	1	1
1	1	1	1
1	1	1	1
1	2	1	1
1	1	1	1
1	1	1	1
0	2	1	2
2	3	2	2
1	1	1	1
1	1	1	1
1	1	1	1
1	1	1	1
1	1	1	1
2	1	1	2
3	12	13	7
1	1	1	1
1	1	1	1
3	2	2	2
1	1	0	1
2	1	2	1
1	1	0	1
1	1	1	1
1	1	0	1
1	1	1	1
2	1	1	2
3	2	2	3
1	3	1	2
0	1	1	0
1	1	0	1
3	3	1	3
4	2	2	4
1	1	1	1
2	1	1	2
2	1	1	2
2	5	4	4
2	1	1	1
1	1	1	1
1	1	1	1
1	1	1	1
1	1	1	1
2	2	1	2
1	2	2	2
0	1	2	0
1	1	1	1
1	1	1	1
0	4	1	0
1	1	1	1
1	1	1	1
1	1	1	1
1	1	1	1
2	1	1	1
1	1	1	1
1	1	1	1
2	2	1	2
1	3	3	1
1	1	1	1
1	1	0	1
1	1	1	1
2	1	1	2
1	1	1	1
8	5	3	7
1	1	1	1
1	1	1	1
1	1	1	2
1	1	1	1
1	60	19	0
1	1	1	1
1	1	1	1
2	1	2	1
1	1	1	1
1	1	1	1
2	1	1	2
1	2	1	1
3	2	1	3
1	2	1	1
2	1	1	3
1	1	1	2
1	1	1	1
2	3	1	1
1	8	5	4
1	1	0	1
0	1	1	1
0	1	1	1
1	2	1	1
1	1	1	1
1	2	1	1
1	1	1	1
1	1	1	2
1	1	0	1
1	1	1	1
1	1	0	1
1	1	1	1
2	2	1	1
2	2	2	9
1	1	0	1
1	1	1	1
2	2	2	3
1	1	1	1
2	1	1	2
2	1	1	3
1	1	1	1
1	2	1	3
1	1	1	1
1	1	1	1
1	1	1	1
1	1	1	1
0	1	1	0
1	1	1	1
1	1	1	1
0	1	1	0
1	4	2	1
1	1	1	1
0	1	1	0
1	1	1	1
1	1	1	1
2	1	1	1
1	1	0	1
1	1	0	1
1	1	0	1
0	1	1	0
1	1	0	1
2	1	2	2
2	2	2	3
1	1	2	1
2	39	1	4
1	1	0	1
5	1	1	5
1	1	2	1
1	1	0	1
1	1	1	1
1	1	1	1
1	1	1	1
1	1	1	1
5	2	2	5
1	1	1	1
1	1	1	1
0	1	1	0
0	1	1	0
1	1	1	1
0	3	2	0
1	2	1	1
1	1	1	1
1	1	1	1
2	1	2	1
0	1	1	0
1	1	1	1
1	1	0	1
2	1	1	2
1	1	1	1
1	1	2	1
1	1	1	1
1	1	1	1
1	1	1	1
1	1	1	1
1	1	1	1
1	1	1	1
1	1	1	1
1	1	1	1
1	1	0	1
3	2	1	3
1	1	1	1
1	1	1	2
2	1	1	1
3	1	2	3
0	1	1	0
1	1	1	1
1	1	1	1
0	1	1	0
4	3	3	3
1	1	1	1
1	1	1	1
0	2	1	0
2	2	2	1
1	1	1	1
1	1	1	3
1	2	2	1
1	4	1	1
2	2	2	2
1	3	3	2
1	1	1	1
1	1	1	1
1	1	1	1
1	1	1	1
5	3	2	5
2	1	2	2
3	1	1	1
1	1	1	1
1	1	0	1
1	1	1	1
2	1	1	2
1	1	1	1
1	1	1	1
1	1	1	1
1	1	1	1
1	1	1	1
1	2	2	1
1	1	0	1
1	1	1	1
1	1	1	1
1	1	1	1
1	1	1	1
2	1	1	2
3	1	1	2
1	1	0	1
2	1	1	2
2	1	1	2
1	1	1	1
1	1	1	1
1	1	1	1
1	1	1	1
1	1	0	1
1	1	1	1
2	2	2	2
0	1	1	0
1	1	1	1
1	1	1	1
1	1	0	1
1	1	1	1
1	1	1	1
1	1	1	1
1	1	2	1
2	2	1	2
0	1	1	1
1	1	1	1
1	1	1	1
1	1	1	1
2	3	1	1
1	1	1	1
1	1	1	1
3	3	2	3
2	1	2	2
2	1	1	2
2	2	1	3
0	2	1	0
2	1	0	2
1	1	1	1
2	1	1	2
1	1	0	1
1	1	1	1
1	1	1	1
1	1	1	1
1	1	1	1
1	1	1	1
1	1	2	1
4	4	3	4
1	1	1	1
2	1	1	2
1	1	1	1
2	1	1	1
1	1	1	1
3	1	1	3
2	2	2	2
1	2	1	1
1	1	1	1
2	2	1	2
1	1	1	1
1	1	1	1
1	1	1	1
1	1	1	1
0	1	1	0
1	1	1	1
2	1	1	2
0	1	1	0
1	1	0	1
0	2	1	1
1	1	1	1
1	1	1	1
1	1	1	2
3	2	2	2
2	1	1	2
1	1	1	1
1	1	1	1
2	1	1	1
1	1	1	1
1	1	2	1
2	1	1	2
2	1	1	2
1	1	2	2
2	1	1	2
2	3	1	1
1	1	1	1
1	1	1	1
1	1	1	1
1	1	0	1
1	2	2	1
1	1	0	1
1	1	1	1
3	2	2	3
3	2	3	3
1	1	1	1
0	1	1	0
1	1	1	1
1	1	1	1
2	1	1	1
1	1	1	1
1	1	2	1
1	1	1	1
1	1	1	1
0	1	1	0
1	1	1	1
1	1	1	1
0	1	0	1
3	4	2	4
1	1	1	1
1	1	1	1
1	1	1	1
1	1	1	1
1	1	1	1
1	1	0	1
2	2	1	2
2	2	1	2
1	1	1	1
2	3	3	2
1	1	1	1
1	1	1	1
9	10	7	10
1	1	1	1
1	1	1	1
2	1	1	1
2	1	1	2
0	2	1	0
2	2	2	2
1	1	0	1
1	1	1	1
1	2	1	2
1	1	1	1
1	1	1	1
1	1	1	1
1	1	1	1
1	1	1	1
3	1	2	3
0	1	1	0
1	1	1	1
1	1	1	1
2	2	0	2
1	2	0	1
0	1	1	1
1	1	1	1
1	1	1	1
1	1	1	1
1	1	1	1
1	1	0	1
1	1	1	1
1	1	1	1
1	1	1	1
0	2	2	0
1	1	0	1
0	1	1	1
1	2	1	1
1	1	1	1
1	1	1	1
1	1	1	1
3	2	2	3
1	1	1	1
0	1	1	0
0	1	1	0
2	1	1	1
3	5	1	3
1	1	1	1
1	1	0	1
2	1	1	1
2	7	1	3
1	2	1	1
3	1	1	3
2	1	1	3
1	6	4	6
0	2	1	1
1	1	1	1
2	1	1	2
2	1	1	2
2	6	2	4
0	1	1	0
0	1	1	0
1	2	0	1
1	1	1	1
1	1	1	1
7	5	2	9
1	1	1	1
1	2	1	1
1	1	1	1
1	1	0	1
2	1	1	1
1	1	0	1
1	1	1	2
0	1	1	0
1	1	1	1
1	1	1	1
1	1	1	1
1	1	2	1
1	1	1	1
1	1	1	1
2	2	2	3
2	1	0	2
1	1	1	1
1	2	1	1
1	1	1	1
2	1	1	2
3	2	2	3
1	1	1	1
1	2	1	1
1	1	1	1
1	1	1	1
1	1	0	1
1	2	2	1
1	2	1	1
3	3	3	3
1	1	1	2
1	1	1	2
1	3	1	2
1	1	1	1
1	2	1	1
1	1	2	1
1	1	1	2
1	1	1	1
1	1	1	1
1	2	1	1
0	1	1	0
1	1	1	1
1	1	1	2
1	1	1	1
0	1	1	0
2	2	1	2
1	1	1	1
2	2	1	2
1	1	1	1
1	1	0	1
0	1	1	0
1	1	1	1
1	1	1	1
1	1	1	3
1	1	1	1
1	1	1	1
1	1	1	1
1	1	1	1
5	1	1	3
5	4	1	5
1	1	1	1
2	3	3	1
2	1	1	2
0	1	1	0
3	2	1	3
1	1	1	1
1	1	1	1
1	1	1	1
1	1	1	1
1	1	1	1
1	2	0	1
2	4	2	2
0	1	1	0
2	1	1	2
1	1	0	1
2	2	2	2
1	1	2	1
2	1	1	2
2	1	1	2
2	1	1	1
0	1	1	1
1	1	1	1
2	1	1	2
1	1	1	1
1	1	1	1
3	1	1	3
2	5	1	0
1	1	1	1
0	1	1	0
1	1	1	1
1	1	1	1
1	1	1	1
1	2	1	1
3	2	2	3
1	1	1	1
1	1	1	1
1	1	1	1
1	1	0	1
1	1	1	1
1	1	1	1
0	1	1	0
1	1	1	1
7	2	3	7
0	1	1	0
0	1	1	0
0	1	1	0
1	1	1	2
1	1	1	1
1	1	1	1
2	1	1	2
2	2	2	2
1	1	1	1
1	1	0	1
0	1	1	0
1	1	1	1
1	1	0	1
1	1	1	1
1	1	1	1
3	1	1	1
1	1	1	1
2	1	1	2
1	1	1	1
1	1	1	1
1	1	0	1
2	1	1	2
0	2	1	0
2	1	1	2
1	1	1	1
3	3	2	2
1	1	1	1
0	1	1	0
1	1	1	1
3	1	1	4
2	1	1	2
2	4	1	2
1	1	1	1
1	1	1	1
2	1	1	2
2	1	1	2
0	5	1	0
1	1	1	1
1	1	1	1
1	1	1	2
1	1	1	1
1	1	0	1
2	1	1	1
1	1	1	1
1	1	0	3
1	2	0	0
1	1	1	1
1	1	1	1
1	1	1	1
1	1	1	1
1	1	1	1
1	1	1	1
1	1	1	1
1	1	1	1
1	1	1	1
1	2	1	1
1	1	2	1
1	1	1	1
1	2	2	1
2	1	1	2
1	1	1	1
0	1	1	0
1	1	1	1
1	1	1	1
2	1	1	2
0	2	1	0
1	1	1	1
1	1	1	1
4	8	9	6
1	1	2	1
2	2	2	2
1	1	1	1
0	4	2	0
1	1	1	1
1	1	0	1
1	1	1	1
2	1	1	2
1	1	1	1
2	1	2	2
2	3	2	2
1	1	1	1
2	1	1	2
1	1	1	1
1	1	1	1
0	1	1	0
1	1	1	1
1	1	0	1
1	1	1	1
2	3	1	2
1	1	1	1
1	1	1	2
1	1	1	2
1	1	0	1
2	2	2	2
1	1	0	1
1	1	1	1
0	1	1	0
1	1	1	1
1	2	0	1
0	1	1	0
3	2	2	3
1	1	1	1
2	1	1	2
0	1	1	0
1	2	0	1
1	1	1	1
1	1	2	1
0	1	1	0
1	1	1	1
3	1	1	3
1	1	1	1
1	1	1	1
7	5	3	7
2	1	1	2
1	1	1	1
1	1	0	0
3	1	1	3
1	1	1	1
1	1	1	1
0	1	1	0
1	1	1	1
2	3	1	2
2	2	2	2
2	2	1	2
1	1	2	1
0	1	1	0
1	1	1	1
1	1	1	1
0	1	0	1
2	1	1	2
0	1	1	0
2	1	1	2
2	1	0	2
1	1	1	1
1	1	1	1
2	1	1	2
1	1	1	1
1	1	1	1
1	1	1	1
2	1	1	2
2	1	1	1
1	1	0	1
0	2	1	0
1	2	1	1
0	2	1	0
1	1	0	1
1	1	1	1
1	1	1	1
1	1	0	1
1	1	1	1
1	1	1	1
1	1	0	1
1	1	0	1
1	1	0	1
2	1	1	2
1	1	1	1
1	1	1	1
1	1	1	1
2	1	1	1
1	1	1	1
1	1	1	1
1	1	1	1
3	1	1	2
1	1	0	1
1	1	0	1
2	1	1	1
1	2	1	1
0	1	1	0
1	1	1	1
1	1	1	1
0	1	1	0
1	1	1	1
1	1	1	1
1	1	1	1
3	1	1	1
0	1	2	0
3	3	1	3
1	1	1	1
1	2	1	1
0	1	3	2
1	1	1	1
1	1	1	1
3	2	2	4
0	1	1	0
1	2	2	1
1	1	1	1
1	1	0	1
3	1	1	3
1	1	1	1
1	1	1	1
2	1	1	2
1	1	1	1
1	1	1	1
1	1	1	1
1	1	1	1
1	1	1	1
1	1	1	1
3	1	2	3
1	1	1	1
1	1	1	1
1	1	1	1
1	1	1	1
1	1	0	1
1	1	1	2
2	2	2	2
8	4	4	8
0	1	1	0
1	1	1	1
1	1	1	1
1	1	1	1
2	2	1	1
1	1	1	1
1	1	1	1
1	2	0	1
1	1	0	1
1	1	1	1
1	1	0	2
1	1	1	1
2	2	2	2
2	3	33	1
2	1	1	2
1	1	1	1
0	1	1	0
2	1	1	1
1	1	1	1
0	1	1	0
1	1	1	1
1	3	2	1
1	1	1	1
1	1	1	1
2	2	1	2
1	1	1	1
2	1	1	1
1	1	1	1
2	1	1	1
0	2	1	0
1	1	1	1
2	1	1	1
0	1	1	0
1	1	0	1
1	1	1	1
0	2	1	1
1	1	0	1
1	1	1	1
1	1	2	1
1	1	1	2
0	1	1	1
3	3	2	3
2	1	1	2
2	1	0	2
1	1	1	1
1	1	1	1
0	1	1	0
1	1	2	1
0	1	1	0
1	1	1	1
3	1	1	3
1	1	0	1
2	2	3	2
1	1	1	1
1	1	1	1
0	1	1	0
1	1	2	1
3	1	1	3
1	3	2	2
3	2	1	3
1	1	1	1
2	1	1	2
1	2	1	1
2	1	2	1
2	5	2	2
3	1	1	3
0	1	1	0
1	1	1	1
2	1	1	2
1	1	1	1
1	1	1	1
1	1	1	1
2	1	1	2
3	1	1	3
1	1	1	1
0	1	1	0
2	1	1	2
1	1	1	1
1	1	1	1
2	1	1	3
1	1	1	1
2	1	1	1
1	1	1	2
1	1	1	1
1	1	1	1
0	24	6	0
1	1	1	1
1	1	2	1
1	1	1	1
1	1	1	1
1	1	1	1
3	1	2	2
1	1	0	1
1	1	0	1
2	1	1	2
1	1	1	1
1	1	1	1
2	1	2	2
1	1	1	1
0	1	1	0
1	1	1	1
1	1	1	1
3	2	2	3
2	2	2	2
1	1	1	1
1	1	1	1
2	1	0	1
2	1	1	2
2	1	1	1
0	2	1	0
0	1	1	0
1	1	1	1
1	1	1	1
1	1	1	1
3	3	2	3
1	2	1	1
1	1	1	1
1	1	2	4
1	1	1	1
1	1	1	1
1	1	1	1
0	1	1	0
1	1	1	1
1	1	1	1
1	1	1	1
1	2	1	1
1	1	1	1
2	2	2	2
1	1	1	1
1	1	1	1
1	1	1	1
1	1	0	1
2	1	1	2
1	1	1	1
1	2	1	2
1	1	2	1
1	1	1	1
1	1	1	1
2	1	1	2
1	1	1	1
1	1	1	1
2	3	2	2
1	1	1	1
1	1	1	1
1	1	0	1
1	1	1	1
0	1	1	0
1	1	1	1
1	1	1	1
1	1	1	1
2	1	1	2
1	2	1	1
1	1	1	1
1	1	2	1
1	2	1	1
1	1	1	1
3	3	3	3
2	1	1	2
2	1	1	1
1	1	1	1
2	1	1	2
1	1	1	1
2	1	1	2
1	1	1	1
1	1	1	1
6	4	3	6
3	2	2	2
1	1	1	1
2	2	1	2
4	2	2	3
1	1	0	1
2	1	0	2
1	1	1	1
1	1	1	1
5	4	4	3
1	1	0	1
1	1	1	1
1	1	1	1
2	1	1	2
1	1	1	1
1	3	7	1
2	1	1	2
1	1	1	1
2	3	2	2
1	1	1	1
0	1	1	0
2	1	1	2
0	1	1	0
2	1	1	2
1	1	1	2
1	1	1	1
1	1	0	1
2	2	1	2
2	1	1	2
1	1	1	1
1	1	1	1
1	1	0	1
1	1	1	1
1	1	2	1
1	1	1	1
1	1	1	1
2	2	2	2
0	1	1	0
1	1	0	1
1	1	2	1
2	2	2	2
0	1	1	0
1	1	1	1
1	1	1	2
1	1	1	1
1	1	2	1
1	1	1	2
4	3	3	3
2	1	0	2
0	1	1	0
3	3	2	3
1	2	1	1
2	2	2	2
1	1	1	1
0	1	1	0
1	1	1	1
2	1	0	2
0	1	1	0
3	1	2	4
1	1	1	1
0	2	1	0
2	1	1	2
0	1	2	0
1	1	1	1
1	1	1	1
3	3	2	3
5	3	3	5
2	2	3	2
1	1	2	3
1	2	1	1
1	1	1	1
1	2	2	1
2	2	1	2
1	1	1	1
3	1	1	3
3	1	2	3
1	1	0	2
1	1	1	1
1	1	0	1
1	1	1	1
1	1	1	1
1	1	1	1
1	1	0	1
2	1	0	2
1	2	0	1
1	1	1	1
1	1	1	1
0	1	1	0
1	1	1	1
1	1	1	1
0	13	5	0
1	1	1	1
3	3	1	3
1	1	2	1
2	1	1	2
1	1	1	1
1	1	1	1
1	1	1	1
1	1	1	1
3	3	2	2
2	2	2	2
2	1	1	2
1	1	1	1
1	1	1	1
0	1	1	1
1	1	1	1
1	1	0	1
0	3	2	0
0	1	1	0
1	1	1	1
1	1	1	1
1	1	0	1
0	1	1	0
1	1	1	1
0	1	1	1
1	1	1	1
1	1	1	1
1	1	1	1
1	2	1	1
1	1	1	1
2	1	1	1
0	1	1	0
1	1	1	1
4	7	3	8
1	1	1	1
1	1	1	1
2	1	1	2
1	1	1	1
3	2	2	3
2	1	1	2
1	1	1	1
1	2	1	1
1	1	2	1
0	1	1	0
2	2	2	2
1	1	1	1
1	1	1	1
2	2	1	1
1	1	1	1
2	1	1	1
0	1	1	0
0	1	1	0
1	2	1	1
1	1	1	1
1	1	1	1
2	1	1	2
2	1	1	2
1	1	1	1
1	2	1	5
1	1	1	1
1	1	1	1
1	1	1	1
1	1	1	1
0	1	1	1
0	1	2	1
1	1	1	1
2	1	1	1
1	1	1	2
1	1	1	1
1	1	1	1
1	1	1	1
1	1	1	1
1	1	1	1
1	3	1	1
2	2	1	2
0	1	1	0
1	1	1	1
0	1	1	0
2	4	2	2
1	1	1	1
1	1	1	1
1	1	0	1
1	1	1	1
0	1	1	1
1	1	1	1
1	1	1	1
2	2	2	2
1	1	1	1
1	2	2	1
1	1	1	1
1	1	1	1
1	1	1	1
1	1	1	2
1	1	1	1
1	1	1	1
1	1	2	1
2	2	2	2
3	2	1	3
1	1	1	1
1	1	1	1
1	1	1	1
1	1	1	1
1	1	1	1
1	1	1	1
3	1	1	3
2	1	1	2
1	1	0	1
1	1	1	1
1	1	1	1
1	1	1	2
1	1	1	1
1	1	1	1
0	1	1	0
1	1	1	1
4	2	0	4
1	1	1	1
1	1	1	1
3	2	1	2
0	1	1	0
2	2	2	2
0	1	1	0
1	1	1	1
1	1	1	1
1	1	1	1
1	2	0	1
1	2	2	1
2	1	1	2
1	1	2	1
3	1	0	3
2	1	0	2
1	1	1	1
1	1	1	1
2	1	0	2
1	1	1	1
1	1	1	1
0	2	1	0
1	1	1	1
1	1	1	1
1	1	0	1
1	1	1	1
1	1	2	1
1	1	0	1
0	1	1	0
0	1	1	0
1	1	0	1
1	1	1	1
0	1	1	0
3	2	1	3
8	5	3	8
1	1	1	2
2	3	3	7
1	1	1	1
2	2	1	2
1	1	1	1
1	1	1	1
1	1	1	1
1	1	0	1
1	1	1	1
1	1	1	1
3	2	2	3
1	1	1	1
2	1	1	2
2	2	0	2
2	2	1	2
1	1	1	1
1	1	1	1
1	1	0	1
0	1	1	0
2	1	1	2
1	1	2	1
1	1	1	2
1	1	1	1
1	1	0	1
0	1	1	0
1	1	0	1
1	1	1	1
3	3	1	4
0	1	1	0
1	1	1	1
1	5	0	2
0	1	1	0
1	4	1	1
1	1	1	1
2	1	0	1
1	1	1	1
1	1	1	1
2	1	1	2
2	13	3	2
1	1	1	1
1	1	1	1
2	1	1	3
1	1	1	1
0	1	1	0
1	1	1	1
1	1	1	1
1	1	1	1
1	1	1	1
1	1	0	1
1	1	1	1
1	1	1	1
1	1	0	1
2	1	1	2
2	2	2	2
1	2	1	1
1	1	1	1
0	1	1	0
1	1	1	1
2	1	1	2
1	1	1	1
1	1	1	1
1	1	1	1
1	1	1	1
2	1	2	2
1	1	1	1
1	1	1	1
1	1	0	1
3	1	0	1
1	1	2	1
1	1	0	1
1	1	1	1
1	1	1	1
1	1	1	2
1	1	1	1
1	1	1	2
1	2	1	1
1	1	1	1
2	1	1	1
1	1	1	1
1	1	1	1
0	1	1	0
1	1	1	3
5	2	2	5
2	1	1	1
1	1	1	1
2	2	2	2
0	1	1	0
3	3	2	3
1	2	1	1
2	4	0	0
2	1	1	2
1	1	2	1
3	2	1	3
1	1	1	1
1	1	1	1
1	1	1	1
1	1	1	1
2	1	0	2
3	1	1	2
0	1	2	0
2	1	1	2
1	1	2	1
0	1	1	0
4	3	2	3
1	1	1	0
3	1	1	1
1	1	1	1
1	1	0	1
2	2	1	2
1	1	1	2
2	1	1	2
1	2	2	2
1	1	1	1
1	1	1	1
1	1	0	1
1	1	1	1
2	3	1	4
0	1	1	1
1	1	0	1
1	1	1	2
2	2	2	2
4	3	3	4
1	12	1	16
0	1	1	1
1	1	1	1
4	2	2	4
1	1	1	1
1	1	1	1
3	9	2	9
0	1	1	0
2	1	1	2
1	4	2	2
1	2	1	1
1	1	1	1
1	1	1	1
1	1	1	1
1	2	1	1
2	1	1	1
1	1	1	2
1	1	1	1
2	1	1	2
1	1	1	1
1	1	1	1
1	1	1	1
1	1	1	1
2	1	0	2
6	12	2	13
1	1	1	1
1	1	1	1
15	13	9	13
1	1	1	1
1	1	1	1
3	7	0	1
1	1	1	1
1	1	1	1
1	1	1	1
2	1	1	2
1	1	1	1
1	1	1	1
1	1	1	2
1	1	1	1
1	1	1	1
1	1	1	1
1	1	1	1
1	1	1	1
1	1	1	1
2	1	1	2
1	1	0	1
1	1	1	1
1	1	0	1
0	1	1	0
2	1	1	2
2	3	2	2
1	1	1	1
1	1	1	1
1	1	1	1
1	1	1	1
1	1	0	0
1	1	1	1
1	1	1	1
1	1	0	1
1	1	1	1
1	1	1	1
2	1	1	1
1	1	0	1
2	2	2	2
1	2	1	1
1	1	1	1
5	6	4	8
1	2	1	1
0	1	2	0
1	1	1	2
1	1	0	1
2	1	1	2
3	2	2	4
1	1	1	1
1	1	1	2
1	2	2	2
1	1	1	1
1	1	1	1
1	1	0	1
1	1	0	1
0	1	0	1
2	1	1	1
2	1	1	2
1	1	1	1
2	3	2	2
1	2	1	1
1	1	1	1
1	1	1	1
1	1	1	1
0	1	1	0
1	1	1	1
2	1	1	1
1	1	1	1
1	1	2	2
2	1	1	1
3	2	2	3
1	1	1	1
1	1	1	1
1	2	1	1
1	1	1	1
1	1	1	1
1	1	2	1
3	2	2	3
1	1	1	1
2	1	0	1
2	1	1	2
3	1	1	2
2	1	1	2
1	1	1	1
1	1	1	1
1	1	2	1
1	2	2	1
1	1	1	1
1	1	1	1
2	8	3	1
1	1	1	1
1	1	1	1
1	1	1	1
1	1	0	2
1	1	0	1
1	1	1	1
3	2	1	3
1	1	1	1
2	1	1	2
2	1	1	2
0	1	1	0
2	1	1	2
1	1	0	1
1	1	1	1
0	1	1	1
1	1	1	1
1	1	0	1
2	1	1	1
1	1	1	1
1	1	0	1
1	1	1	1
1	1	0	1
3	1	1	2
0	1	1	1
3	4	3	3
2	3	3	3
1	1	1	1
1	1	1	1
1	1	1	1
1	1	1	1
1	1	1	1
1	1	1	1
1	1	1	1
1	1	1	1
1	1	0	1
1	1	1	1
1	1	1	1
1	1	0	1
1	1	1	1
1	1	0	1
1	1	2	1
1	1	1	1
1	1	1	1
1	1	1	1
1	1	1	1
1	1	1	2
1	1	0	1
1	1	1	1
0	1	1	1
0	1	1	0
1	1	1	1
1	1	1	1
3	2	2	2
1	1	0	1
0	1	1	0
9	4	5	9
1	1	1	1
2	1	1	1
1	2	2	1
8	6	5	10
2	1	1	2
1	2	2	1
2	2	2	2
1	1	1	1
1	1	1	1
1	2	0	1
0	1	2	0
1	1	0	1
2	1	1	2
3	2	2	3
2	1	1	2
1	1	1	2
1	2	2	1
0	2	1	0
1	1	0	1
0	2	2	0
2	1	1	2
1	1	1	1
1	1	1	1
2	2	2	4
1	2	1	1
2	2	1	2
4	2	1	3
1	1	1	1
0	2	2	0
1	1	1	1
1	1	1	1
1	2	1	1
1	1	0	1
0	4	5	0
2	1	1	2
1	1	1	1
1	1	1	1
1	1	0	1
1	1	1	1
1	1	0	1
1	2	0	1
1	1	0	1
3	1	2	3
1	1	1	1
1	2	1	1
1	1	1	1
1	1	0	1
1	1	0	1
1	1	1	1
3	2	2	3
1	1	2	1
1	1	1	0
1	1	1	1
2	1	1	2
2	1	1	2
3	2	2	3
1	1	1	1
1	1	1	1
1	1	2	1
1	1	1	1
1	1	3	1
1	1	1	1
1	1	1	1
1	1	1	1
1	1	1	1
0	1	1	0
0	1	1	0
1	1	1	1
1	1	1	1
2	1	1	2
1	1	1	1
1	1	1	1
2	2	1	2
1	1	1	1
1	1	1	1
1	1	1	1
1	1	2	1
2	2	1	2
1	1	1	1
2	1	1	2
1	1	1	1
1	2	1	1
0	1	1	0
0	1	1	0
1	2	2	1
0	1	1	0
1	1	2	1
2	1	1	2
1	1	1	1
1	2	1	1
1	1	1	1
1	1	1	1
1	1	1	1
1	1	0	2
1	1	1	1
2	1	1	2
1	1	1	1
5	3	4	5
2	1	1	2
1	1	1	1
2	1	1	2
2	1	1	2
1	1	1	1
1	2	1	1
3	1	1	2
1	1	1	1
2	1	1	1
1	1	1	1
0	1	1	0
2	3	3	2
1	1	1	1
1	1	1	1
1	1	0	1
1	1	0	1
0	1	0	2
1	1	1	1
1	1	1	1
1	1	3	1
1	2	2	2
1	1	1	1
1	1	1	1
1	1	1	1
4	2	2	4
2	1	1	2
3	5	3	3
1	1	1	1
1	2	1	1
1	1	2	1
1	2	1	1
1	1	1	1
1	2	2	3
1	1	1	1
2	1	1	2
2	2	1	2
2	1	1	2
1	2	2	1
0	1	1	0
1	1	1	1
1	1	1	1
2	1	1	2
1	1	1	1
1	1	1	1
1	1	0	1
2	2	2	2
0	1	1	0
1	1	1	1
2	1	1	2
1	1	1	1
5	2	2	4
1	1	1	2
1	1	1	1
1	1	0	1
4	3	1	2
1	2	2	2
1	1	0	1
0	1	1	0
2	1	1	2
1	2	2	1
3	2	2	3
1	1	1	2
2	1	1	1
1	1	1	1
1	1	1	1
1	1	1	1
1	2	2	1
2	1	1	2
1	1	0	1
1	1	0	1
2	1	1	1
1	1	1	1
1	1	1	1
0	1	1	0
1	1	1	0
1	1	1	1
1	1	1	1
1	2	1	1
4	2	0	4
1	1	1	1
0	1	1	0
2	1	1	2
1	1	1	1
1	1	1	1
1	2	2	2
1	1	1	1
1	1	1	1
0	1	1	0
0	1	1	0
1	2	1	1
1	1	1	1
1	1	1	1
2	1	1	2
1	2	1	1
3	1	1	2
2	1	1	2
1	1	1	1
1	2	1	1
1	1	1	1
3	2	2	3
1	1	0	1
2	1	1	2
13	20	6	13
1	1	1	1
1	2	1	1
1	1	1	1
1	1	1	1
1	1	1	1
1	1	1	1
2	2	2	2
1	1	1	1
1	1	1	1
1	1	0	1
4	4	5	4
2	2	1	2
1	1	2	1
1	2	2	1
2	2	1	2
2	1	1	3
1	1	1	1
3	1	1	3
1	1	1	1
2	1	1	2
1	1	1	1
0	1	1	0
2	2	2	2
1	1	1	1
1	1	1	1
1	1	1	1
1	2	2	1
1	1	0	1
1	1	1	1
2	1	1	2
1	1	1	1
0	2	1	0
1	1	0	2
2	2	1	2
3	3	2	3
2	1	1	2
1	1	1	1
1	1	0	1
2	1	1	1
1	1	1	1
2	1	1	2
2	1	1	1
1	1	0	1
1	1	1	1
1	1	1	1
1	1	1	1
1	1	1	2
3	1	1	3
1	1	3	1
1	2	1	1
1	4	0	2
1	1	1	1
2	1	1	2
1	1	0	1
1	1	1	1
2	3	2	5
1	1	0	1
1	1	0	2
1	1	1	1
5	2	2	3
1	1	1	1
1	1	1	1
1	1	1	1
2	1	1	1
0	1	1	0
2	2	1	2
4	4	2	9
1	1	0	1
2	1	1	2
2	1	1	2
2	2	1	3
1	1	1	1
1	2	2	1
2	1	1	2
1	1	1	1
1	1	1	1
4	2	2	4
2	2	1	3
1	1	1	1
1	3	2	1
3	2	2	2
1	1	1	1
1	1	0	1
1	1	0	1
1	1	1	1
1	1	1	1
1	1	1	1
1	1	1	1
1	1	1	1
1	1	1	1
1	1	1	1
1	1	1	1
2	2	1	2
1	1	1	1
2	2	2	2
4	2	2	2
1	1	1	1
2	2	2	2
1	1	1	1
0	1	12	0
1	1	0	1
1	1	1	1
1	2	2	1
1	1	1	1
2	3	2	2
1	1	1	1
2	1	0	2
1	1	0	1
1	5	1	4
1	1	1	1
1	1	0	1
1	1	1	1
2	1	1	2
0	1	1	0
2	2	1	1
1	1	1	1
1	1	0	1
0	1	1	0
1	1	1	1
1	1	1	1
1	1	1	1
3	2	2	2
1	1	1	1
2	1	1	2
1	1	1	1
1	1	1	1
1	2	1	1
1	1	1	1
1	1	1	1
1	1	1	1
0	1	1	0
2	1	1	1
1	2	2	1
1	1	2	1
1	2	1	1
2	1	1	1
1	1	1	1
1	1	1	1
1	1	1	1
1	1	1	1
1	2	1	1
1	1	1	1
0	1	1	0
1	3	2	1
0	1	0	1
1	2	2	1
1	1	1	1
1	2	1	2
1	1	1	1
2	2	2	2
1	1	1	1
1	1	1	1
1	1	1	1
1	1	1	1
2	1	1	1
2	2	0	2
1	1	1	1
1	2	1	1
1	1	0	1
1	1	1	1
0	1	1	0
1	1	1	1
1	1	1	1
1	1	0	1
2	1	1	2
0	1	1	0
1	1	1	1
3	4	2	2
1	1	1	1
0	1	1	0
1	1	0	1
2	2	0	2
1	1	1	1
1	1	1	1
1	1	1	1
1	1	0	1
1	1	1	1
2	1	1	1
1	1	0	2
0	2	2	1
0	1	1	1
1	2	1	1
1	1	1	2
1	1	1	1
0	1	1	0
1	1	1	1
1	1	1	1
1	1	1	1
0	1	1	0
1	1	1	1
2	2	1	2
1	1	1	1
5	2	3	5
1	1	1	1
2	1	0	1
1	1	1	1
1	2	1	1
1	2	1	1
1	1	1	1
0	1	2	0
1	1	0	1
0	1	0	1
1	2	1	1
1	1	0	1
1	1	1	1
1	1	1	1
0	5	1	0
1	1	0	1
1	1	1	1
1	1	0	1
1	1	1	1
1	1	1	1
2	1	1	2
1	1	1	1
1	1	1	1
2	1	1	2
2	2	1	2
2	1	1	2
1	1	0	1
1	1	0	1
1	2	1	1
1	1	1	1
1	1	1	1
0	1	1	0
3	2	2	3
1	4	1	1
1	1	1	1
1	1	13	1
1	1	1	1
1	2	1	1
1	1	0	1
1	1	0	1
2	1	0	2
1	1	1	1
1	1	1	1
3	2	2	3
1	1	1	1
1	1	1	1
4	5	3	5
1	1	1	2
1	1	1	1
1	1	1	1
1	1	1	1
1	4	1	0
4	3	3	1
1	1	1	1
1	1	1	1
1	1	1	1
1	1	1	1
1	1	0	2
1	1	2	1
1	1	1	1
1	2	1	1
3	2	2	3
1	1	0	0
2	1	1	2
1	1	0	1
1	1	1	1
1	1	1	1
1	1	1	1
2	2	1	2
0	1	1	0
1	1	1	1
2	2	2	2
1	1	0	0
2	2	2	2
1	1	0	1
5	3	4	5
1	1	1	1
2	2	1	2
1	1	1	1
1	1	0	1
2	1	0	2
1	1	1	1
2	1	1	2
1	1	1	1
1	1	0	1
1	1	1	1
0	1	1	0
1	1	1	1
2	1	1	2
1	1	1	1
1	1	1	1
1	1	2	2
1	1	1	1
1	1	1	1
0	1	1	0
0	1	1	0
1	2	1	1
1	1	1	2
1	1	0	1
1	2	2	2
2	1	1	2
1	1	1	1
1	1	1	1
0	1	1	0
1	1	1	1
5	2	1	4
1	1	1	1
2	1	1	2
2	1	1	2
1	1	1	1
1	1	1	1
1	1	1	1
1	1	1	1
1	1	1	1
1	1	1	1
1	1	1	1
1	1	2	2
1	1	0	1
2	2	2	2
1	2	1	1
1	1	1	1
0	1	1	1
1	1	1	1
2	2	1	2
1	1	1	1
1	1	1	1
2	2	1	2
1	1	1	2
1	1	1	1
2	1	1	1
3	2	1	3
0	1	1	0
1	1	1	1
0	1	1	0
2	1	1	1
0	1	1	0
1	1	1	1
1	1	1	1
1	1	1	1
1	1	2	1
1	7	0	0
1	1	2	1
2	2	0	2
2	3	1	2
5	2	2	5
8	1	1	1
1	1	1	1
2	1	2	2
1	1	1	1
1	1	2	1
1	1	1	1
1	1	1	1
1	1	1	1
1	1	2	1
1	1	1	1
2	1	0	2
1	2	1	4
0	1	1	0
0	1	1	0
0	1	1	0
1	2	1	0
1	1	1	1
2	1	1	1
1	2	1	1
2	1	0	2
1	2	2	1
2	2	1	2
1	1	1	1
1	1	0	1
1	1	1	1
0	1	1	0
1	1	0	1
1	2	1	1
1	1	1	1
1	1	1	1
1	1	1	1
1	1	1	1
1	1	1	1
2	1	0	1
1	1	1	1
1	2	1	2
1	1	1	1
1	1	1	1
0	11	3	0
0	1	1	0
1	1	1	1
1	1	1	1
1	1	1	1
2	1	1	3
1	1	1	1
1	1	1	0
1	1	1	1
4	3	3	4
1	1	1	2
1	1	1	0
1	1	0	1
2	1	1	2
1	1	1	1
1	1	1	2
1	2	1	1
1	1	1	1
2	1	1	2
1	1	1	1
1	1	1	1
1	1	1	1
1	1	0	1
1	1	1	1
1	1	1	1
1	1	1	1
1	1	1	1
1	1	1	1
1	1	2	1
2	2	0	1
3	2	2	3
1	1	1	1
1	2	2	1
0	1	1	0
1	1	1	1
1	1	0	1
0	1	1	0
0	1	0	2
2	1	1	2
1	1	1	1
1	1	1	1
1	2	1	1
0	1	1	0
0	6	0	4
1	1	1	1
2	1	1	2
1	1	1	1
1	1	1	1
2	1	0	2
1	1	1	1
1	1	1	1
1	1	1	1
1	1	0	1
1	1	1	1
2	2	3	2
1	1	1	1
1	2	2	4
0	1	1	0
2	2	1	2
1	1	1	1
2	1	1	2
1	1	1	1
1	1	1	1
0	1	1	0
1	1	0	1
1	1	1	1
2	3	3	2
1	1	1	1
1	1	1	1
1	1	1	1
2	1	1	2
2	1	0	1
1	2	2	1
1	1	1	2
1	1	1	2
1	1	1	1
1	2	1	1
1	1	1	1
2	1	1	2
1	1	1	1
1	1	1	1
2	1	1	2
2	1	1	2
1	1	1	1
1	1	1	1
2	1	1	1
1	1	1	1
1	2	2	1
0	1	2	0
1	1	3	1
1	1	1	1
1	2	1	1
1	1	1	2
3	2	3	2
2	1	1	2
2	2	2	2
1	1	1	1
1	1	1	1
1	1	1	1
1	1	1	1
1	1	1	3
2	1	1	2
1	1	1	1
1	1	1	2
0	1	3	0
1	1	1	1
1	1	1	1
1	1	1	1
0	1	1	1
1	1	1	0
1	1	1	1
1	2	1	1
0	1	0	1
1	2	0	1
3	2	3	2
1	1	1	1
1	1	1	1
1	1	1	1
3	3	2	3
4	3	1	4
2	2	1	2
1	1	0	1
1	1	1	1
1	1	1	1
2	1	1	2
3	1	0	4
2	2	1	1
1	1	2	1
1	1	0	1
1	1	1	1
1	2	3	1
1	1	1	1
1	1	1	1
1	1	1	1
1	1	1	1
7	14	9	10
1	1	1	1
2	2	1	3
0	1	1	0
1	1	1	1
2	1	1	2
1	1	1	1
2	2	1	2
1	1	1	1
1	1	0	1
2	1	1	1
1	1	1	1
2	1	1	1
1	1	1	1
1	1	1	1
1	1	2	1
0	1	1	0
1	1	1	1
1	1	1	1
1	1	1	1
3	1	1	2
0	1	1	0
1	2	1	1
2	1	1	2
1	1	1	1
1	1	1	1
1	1	1	1
0	11	1	1
1	1	3	1
1	1	1	1
2	1	1	2
1	1	1	1
2	1	1	2
2	1	1	4
3	1	1	2
2	1	1	2
1	1	1	1
1	1	1	1
1	1	1	1
1	1	1	1
1	1	1	1
2	1	1	2
1	1	1	1
0	2	2	2
3	2	2	4
1	1	0	1
1	1	1	1
2	1	1	2
1	1	1	1
2	1	1	2
1	1	1	1
1	1	1	1
0	1	1	2
1	1	0	1
1	1	1	1
1	1	1	2
1	1	0	1
1	1	1	1
1	1	1	1
1	1	0	1
1	1	2	1
1	1	1	1
1	1	0	1
1	1	1	1
0	1	1	1
1	1	1	1
0	1	1	0
1	1	2	1
1	1	1	1
0	1	1	0
1	8	2	2
4	2	2	3
1	1	1	2
1	1	1	1
0	1	1	0
1	1	1	1
1	1	1	1
2	1	1	2
1	1	1	1
2	2	1	2
0	1	1	0
1	2	1	1
0	1	1	0
2	1	1	2
1	1	0	1
1	1	1	1
1	1	1	1
2	1	1	2
1	1	1	1
1	2	2	1
1	1	1	1
2	1	1	2
9	5	3	9
1	1	1	1
2	1	1	1
3	1	1	2
1	1	1	1
3	2	2	3
2	1	1	2
0	1	1	1
1	2	2	1
1	1	2	1
0	2	1	0
1	1	1	1
2	2	1	2
1	1	1	1
1	1	1	1
3	5	3	3
1	1	1	1
2	2	2	2
2	1	1	2
2	1	1	2
1	1	1	1
1	1	2	1
1	2	1	2
1	1	1	1
1	1	1	1
2	2	2	2
1	1	0	1
1	1	2	1
1	1	2	1
0	1	1	0
1	1	1	1
1	1	1	1
5	3	3	4
1	1	1	1
1	2	1	1
0	4	1	0
0	1	1	0
1	1	1	1
0	2	2	0
0	1	1	0
2	1	1	2
0	2	1	0
1	1	1	1
1	1	0	1
1	1	1	1
1	1	1	1
0	1	1	2
1	1	1	1
2	1	1	2
1	1	1	1
1	1	0	1
0	1	1	0
0	1	1	0
1	1	1	1
1	1	1	1
1	1	1	1
2	2	2	2
1	1	1	1
4	2	2	4
1	1	0	1
1	1	1	2
3	1	1	2
1	1	1	1
1	1	1	1
1	2	1	1
1	1	1	1
1	1	1	2
1	1	1	1
1	1	0	1
2	2	1	2
1	2	1	1
2	1	1	1
1	1	1	1
0	1	1	0
1	1	1	1
1	1	1	1
1	1	1	1
1	1	1	1
0	1	0	1
1	1	1	1
1	1	1	1
1	1	1	1
1	1	1	1
1	1	2	1
1	1	0	1
2	2	1	2
2	1	2	2
1	1	1	1
1	5	0	1
1	1	1	1
2	1	1	2
0	1	1	0
0	1	1	1
1	1	0	1
0	1	0	1
1	1	1	1
1	1	1	1
0	1	1	0
1	1	1	1
5	16	5	15
1	1	1	1
0	1	2	0
1	1	1	1
1	1	1	1
1	1	0	1
1	1	2	1
2	2	2	2
2	1	1	1
1	1	1	1
1	1	1	1
0	1	1	0
0	1	1	0
1	1	1	1
1	1	1	1
2	1	1	2
1	1	1	1
2	2	1	5
1	1	1	1
2	1	1	1
1	1	1	1
0	1	1	0
1	1	1	1
1	1	1	1
1	1	1	1
2	1	1	2
1	2	1	1
1	1	0	0
1	1	1	1
1	1	1	1
0	1	1	0
2	2	1	2
1	1	1	1
1	1	0	2
1	1	0	1
0	1	1	0
1	1	1	1
1	1	1	1
1	1	1	1
1	1	1	1
1	1	1	1
2	2	1	2
1	1	1	1
0	1	1	0
1	1	1	1
4	3	2	3
1	1	1	1
1	1	1	1
1	1	0	1
3	3	3	3
1	1	1	1
0	1	1	0
1	1	1	1
1	1	1	1
0	1	1	1
1	1	1	1
1	1	0	2
1	1	1	1
0	1	0	2
1	2	1	1
0	1	1	1
1	1	1	1
1	1	1	1
1	1	1	1
1	1	1	1
1	2	2	2
6	6	4	6
1	1	1	1
0	1	1	0
1	1	1	1
1	2	1	1
1	1	0	1
1	1	0	1
3	2	3	3
2	2	1	2
1	1	1	1
1	1	1	1
2	1	1	2
1	1	1	1
3	3	3	4
1	1	0	1
1	1	1	1
1	1	1	1
1	1	0	1
3	2	2	3
1	1	0	1
1	1	1	1
1	1	1	1
1	1	1	1
1	1	0	2
1	1	1	1
1	1	1	1
1	1	1	1
2	1	1	2
2	1	1	2
1	1	1	1
1	1	1	1
2	1	1	2
0	1	1	0
2	2	1	2
1	1	2	1
1	1	1	1
1	1	1	1
1	1	0	1
0	1	1	0
1	1	0	1
1	1	1	1
0	2	0	1
1	1	1	1
0	1	1	1
1	1	0	1
1	1	1	1
1	1	1	1
1	1	1	1
1	1	1	1
2	2	1	3
1	1	1	2
1	1	1	1
1	2	1	1
1	1	1	1
1	1	1	1
1	1	1	1
1	1	1	1
1	1	1	1
0	2	1	0
1	1	1	1
0	1	1	0
0	1	1	0
1	2	1	1
1	1	1	1
1	1	1	1
1	1	2	1
0	1	1	0
0	1	1	0
1	2	2	1
1	1	1	1
1	3	1	1
1	1	0	1
4	1	2	4
1	1	1	1
1	1	1	1
1	1	1	1
1	2	1	1
1	1	1	1
1	3	1	1
1	1	1	1
1	1	1	1
1	1	1	1
1	1	1	1
2	2	3	1
0	1	1	0
7	4	6	8
2	2	3	2
2	1	1	2
1	1	1	1
2	2	2	2
1	1	1	1
2	1	0	2
1	1	0	0
1	1	1	1
2	1	1	1
1	1	0	1
1	1	1	1
2	1	1	2
1	1	1	1
2	1	2	2
0	17	0	1
2	1	1	2
1	2	1	1
1	1	1	1
1	1	2	1
1	1	1	1
1	2	1	1
1	1	1	1
0	3	1	0
1	1	1	1
1	1	1	1
1	1	0	1
1	2	1	1
0	1	1	1
1	1	1	1
1	1	1	1
1	1	1	1
1	1	1	1
1	1	1	1
0	1	1	0
0	1	1	0
2	2	1	2
0	1	1	0
1	1	1	1
1	1	1	1
1	2	1	1
1	1	1	1
2	2	2	2
1	1	1	1
1	1	1	1
0	3	5	0
1	1	1	1
1	1	1	1
0	4	3	1
1	2	1	3
2	1	1	3
1	2	2	1
1	1	0	1
1	1	1	1
1	1	1	1
1	1	1	1
0	1	3	1
0	1	1	0
2	1	1	1
1	1	0	1
3	2	1	3
5	1	3	0
1	1	1	1
1	2	2	1
0	1	1	0
2	1	2	2
1	2	2	1
1	1	1	1
1	1	1	1
2	3	2	2
0	1	0	3
1	1	5	2
1	1	1	1
4	2	2	4
1	1	1	1
1	1	1	1
0	2	1	0
1	1	1	1
2	1	1	1
1	1	0	1
1	1	1	1
2	1	1	2
1	1	0	1
0	1	1	0
1	2	1	1
1	1	1	1
0	1	1	0
1	1	1	1
3	2	2	3
1	1	1	1
1	1	0	1
1	1	1	1
1	1	1	1
2	1	2	2
3	1	1	2
1	1	1	1
2	1	1	2
1	1	1	1
1	1	1	1
1	1	1	1
1	1	1	1
3	1	1	2
0	2	2	0
0	1	1	0
2	1	1	2
0	1	1	0
0	1	1	0
1	1	1	2
1	1	0	1
1	1	1	1
2	1	1	2
1	1	1	1
1	1	1	1
1	1	1	1
1	1	0	1
2	1	0	1
2	1	1	2
2	2	2	2
1	1	1	1
2	2	1	2
1	1	1	0
2	2	1	2
1	1	0	2
1	1	1	1
1	1	0	2
1	1	1	1
1	1	1	1
1	1	0	1
0	1	1	0
1	1	0	1
4	2	2	4
1	1	1	1
2	1	1	1
1	1	1	1
3	1	2	4
2	1	1	2
1	1	1	1
1	1	1	1
1	1	1	1
0	39	0	1
0	2	1	0
1	1	1	1
1	1	0	1
1	1	1	1
2	1	0	2
2	1	1	1
1	1	1	1
1	1	0	1
1	1	1	1
1	1	1	2
0	1	1	2
1	1	1	1
1	1	1	1
0	1	1	0
1	1	1	1
2	1	1	2
0	2	1	0
1	1	1	1
2	3	3	2
1	1	1	1
1	1	1	1
2	3	1	2
2	2	2	2
1	1	1	1
2	1	1	1
1	1	1	1
5	3	1	5
2	3	1	4
1	1	1	1
1	1	0	1
1	3	1	2
4	3	3	4
1	1	1	1
2	1	1	1
2	2	2	2
0	1	1	0
3	1	1	2
1	1	2	1
0	1	1	0
1	1	1	1
1	1	1	1
1	1	1	1
1	2	1	1
2	1	1	2
4	4	1	4
1	1	1	1
1	1	0	1
3	1	1	2
3	1	1	2
2	2	1	2
1	1	1	1
1	2	1	1
1	1	1	1
3	3	1	3
1	1	0	1
1	1	1	1
1	1	1	1
1	1	1	1
2	1	1	2
1	1	0	1
1	1	1	1
2	1	1	2
1	1	2	1
2	1	1	2
0	1	1	0
1	1	1	1
2	1	1	1
1	1	1	1
1	2	1	1
1	1	0	1
1	3	1	1
1	1	1	1
0	1	1	0
1	1	1	1
1	1	1	1
1	1	0	2
1	1	1	1
1	1	1	1
1	1	1	1
2	1	1	2
1	1	1	1
1	1	1	1
1	1	1	1
1	1	1	2
3	2	1	4
1	1	1	1
1	1	1	1
2	1	1	2
1	1	1	1
1	1	1	1
2	1	1	1
3	3	3	3
1	1	1	1
0	1	1	0
1	1	1	1
1	1	0	1
1	1	1	1
1	1	1	1
1	1	0	1
1	1	1	1
2	1	1	2
0	1	1	0
1	1	1	1
3	3	2	3
1	1	1	1
13	29	10	17
4	4	4	4
1	1	1	1
1	1	1	1
2	1	1	3
1	1	1	2
1	1	1	1
1	2	1	1
1	2	2	1
2	3	1	2
1	1	1	1
1	1	1	1
1	1	2	0
1	1	1	1
1	1	1	1
1	1	0	1
2	1	1	2
1	1	1	1
1	1	2	1
0	1	1	0
1	1	1	1
1	1	1	1
2	1	1	1
2	1	0	2
1	1	1	1
1	1	0	1
1	1	1	1
1	2	1	1
1	2	1	1
1	1	1	1
0	1	0	2
0	2	1	1
2	5	0	2
2	1	1	3
2	2	1	2
1	1	0	1
2	1	1	2
1	1	1	1
1	1	0	1
0	2	0	1
1	1	1	2
1	1	1	1
1	1	1	2
1	1	0	1
1	1	1	1
3	1	1	3
1	1	1	1
1	1	1	1
1	1	1	1
1	1	1	1
2	1	1	2
1	1	1	1
1	1	1	1
1	1	1	1
0	1	1	0
1	1	1	1
2	1	1	2
1	1	1	1
2	1	1	2
0	1	1	0
1	1	0	1
1	1	1	2
1	2	1	1
0	1	1	0
1	1	1	1
2	1	1	2
1	1	1	2
2	2	1	2
1	1	1	1
1	1	1	1
1	1	0	1
1	1	2	1
1	1	1	1
0	5	1	0
2	2	2	2
1	1	2	2
1	1	1	1
2	1	1	2
1	1	1	1
1	1	1	1
1	1	1	1
1	2	2	1
2	2	1	2
4	3	2	4
1	1	1	1
1	1	0	2
0	1	1	0
1	1	2	1
2	1	1	1
1	1	1	1
1	1	1	1
1	1	1	1
1	1	0	1
1	1	1	2
0	1	1	0
0	1	1	0
1	1	1	1
2	2	1	2
1	2	2	2
1	1	0	1
2	1	0	1
2	1	1	2
1	1	1	1
1	1	1	1
1	1	1	1
2	1	1	2
1	1	1	1
2	1	1	1
3	2	2	3
1	1	1	1
1	2	2	1
2	2	2	2
2	2	1	1
1	1	1	1
1	1	1	1
1	1	1	1
1	1	1	1
1	1	1	1
1	2	1	3
1	2	1	1
2	1	1	1
3	2	1	2
5	1	1	6
1	1	1	1
1	1	1	1
3	1	0	3
1	1	1	1
2	3	3	3
1	1	0	1
1	1	1	1
2	1	1	2
1	1	1	1
2	7	1	2
1	1	1	1
3	1	4	2
1	1	1	2
1	1	1	1
0	1	1	1
1	1	1	1
1	1	1	1
1	1	1	1
3	2	2	2
2	2	2	2
4	4	4	5
1	1	1	1
1	1	1	1
1	2	1	1
0	1	1	0
1	1	1	1
1	2	1	1
1	1	0	1
1	1	1	1
1	1	0	1
1	1	0	1
2	1	1	2
2	2	2	2
2	1	1	2
2	1	0	4
1	1	1	1
0	1	1	0
0	1	0	1
4	1	1	4
1	1	1	1
1	1	1	2
1	1	1	1
1	1	1	1
1	1	1	1
1	1	1	1
1	1	1	2
1	1	1	1
1	1	0	2
2	2	2	2
1	1	0	1
2	2	0	2
2	1	2	1
1	1	1	2
2	2	1	3
1	1	1	1
0	1	1	0
1	1	1	1
1	1	1	1
1	1	1	1
0	1	1	0
2	1	1	2
1	1	1	1
2	1	1	1
2	1	3	2
1	1	1	1
1	1	1	1
0	1	1	0
1	1	1	1
1	2	1	1
0	1	1	0
1	1	1	1
1	1	1	1
2	1	1	2
1	1	1	1
2	2	0	2
2	1	1	1
1	1	1	1
1	2	2	1
1	1	0	1
3	3	1	3
3	1	1	3
1	1	1	1
1	1	1	1
1	1	1	2
1	1	1	1
1	1	0	1
2	1	1	2
1	1	1	1
1	1	1	1
0	3	25	0
3	1	2	3
2	1	1	2
0	1	1	0
1	1	1	1
1	1	1	1
1	1	1	1
1	1	0	1
0	1	1	0
1	1	1	1
1	1	1	1
2	1	2	2
1	1	1	1
0	1	1	0
1	1	1	1
2	2	2	2
2	2	1	2
1	1	1	1
1	1	1	1
1	1	1	1
2	2	1	2
2	1	1	2
1	3	1	1
1	2	1	1
1	1	1	1
1	1	1	1
0	1	0	1
1	1	0	1
1	1	1	1
1	1	1	1
2	2	2	3
0	1	1	1
1	1	0	1
2	2	2	2
1	1	1	1
4	3	2	3
0	1	1	0
2	1	1	2
1	1	1	1
1	1	1	1
2	1	1	2
1	1	1	1
2	2	2	2
1	1	1	1
1	1	1	1
1	2	1	1
1	1	1	2
2	1	1	2
1	1	1	1
1	1	2	1
2	2	2	2
1	1	1	1
1	2	1	1
2	3	3	2
1	1	1	1
2	1	1	1
2	2	2	2
1	1	1	1
1	1	1	1
1	1	1	1
1	1	1	1
1	2	1	1
1	1	0	1
2	1	1	2
1	1	1	1
1	1	1	1
1	1	1	1
1	1	1	1
1	1	1	1
1	1	1	1
1	1	2	1
2	1	1	2
1	1	1	1
1	1	1	1
1	2	2	2
2	1	1	2
3	4	1	3
2	2	1	2
2	2	2	2
1	1	1	1
1	1	1	1
1	1	1	2
3	3	3	3
1	2	1	1
1	1	1	1
1	1	1	1
2	1	1	1
1	1	1	1
1	1	2	1
1	1	1	1
1	1	1	1
1	1	1	1
3	1	0	3
1	1	2	1
1	1	2	1
1	1	1	1
2	2	1	2
0	1	1	0
1	2	2	2
2	1	1	2
2	4	1	0
1	1	1	1
1	1	1	1
1	1	1	1
1	1	2	1
1	4	0	2
7	7	4	9
1	1	0	0
1	1	1	1
2	3	1	2
1	1	1	1
0	1	1	0
1	1	1	1
1	1	1	1
1	1	1	1
1	2	1	2
2	1	1	2
1	1	1	1
4	2	2	3
1	1	0	1
1	1	1	1
0	2	2	0
1	1	1	1
1	1	1	2
0	1	1	1
1	1	1	1
1	1	1	1
2	1	1	2
1	1	1	1
1	1	1	1
1	1	1	2
1	1	1	1
1	1	1	1
1	1	0	1
2	1	1	1
1	1	2	1
1	2	1	1
1	1	3	1
1	2	1	1
1	1	1	1
1	1	1	1
2	1	1	1
2	1	1	10
1	1	1	1
1	1	1	1
1	1	1	1
2	1	1	1
1	1	2	1
1	1	1	1
1	1	0	1
3	2	1	3
1	1	1	1
1	1	1	1
1	1	1	1
1	1	1	1
1	1	1	1
2	1	1	1
1	1	1	1
3	4	3	2
1	1	1	1
1	1	1	1
1	1	2	1
1	1	1	1
1	1	1	1
2	1	1	2
1	1	1	1
1	1	1	1
2	1	1	2
2	2	2	2
0	1	1	0
1	1	1	1
2	1	1	2
1	1	1	1
0	1	0	2
1	1	1	1
2	1	1	2
1	1	1	1
1	1	1	1
1	1	1	1
1	1	1	1
1	2	2	1
1	1	1	1
1	1	1	1
3	1	1	2
2	1	1	2
2	1	1	1
1	2	2	2
1	1	1	0
0	1	1	0
2	2	1	2
0	1	1	0
1	1	1	1
1	1	1	3
1	1	1	1
1	1	1	1
1	1	1	1
1	1	4	1
0	1	1	0
1	1	1	1
1	1	1	1
1	1	1	1
2	1	1	2
6	3	2	4
2	1	0	1
1	1	1	1
0	1	1	0
1	1	1	1
1	1	1	2
2	1	1	1
1	1	1	1
1	1	1	1
1	1	1	1
1	1	1	1
1	1	1	1
1	1	1	1
3	3	3	3
1	1	1	1
2	2	2	2
1	1	1	1
2	1	1	2
1	1	1	1
1	1	0	1
1	1	1	1
3	1	1	3
1	1	1	1
1	1	0	1
2	2	1	3
1	1	1	1
0	1	1	0
1	1	1	1
1	1	1	1
2	1	1	2
1	1	1	2
1	2	1	1
1	1	0	1
1	1	2	1
1	1	1	1
3	2	2	2
4	1	0	2
1	1	1	1
0	1	1	0
1	1	1	1
1	1	1	1
2	1	1	2
1	1	1	1
0	1	1	0
1	1	1	1
2	1	1	2
1	1	1	1
1	1	1	2
1	1	1	1
2	2	2	2
1	1	1	1
2	1	0	2
3	1	1	3
2	2	1	2
2	1	1	1
1	1	1	1
1	1	1	1
1	1	1	1
1	1	1	1
1	1	1	1
1	1	1	2
1	1	0	1
2	2	2	2
2	1	1	1
1	1	1	1
2	1	1	2
4	4	1	4
4	2	2	4
1	1	1	1
1	1	1	1
0	1	1	0
1	2	1	1
1	1	1	1
2	2	1	2
0	1	1	0
1	1	1	1
0	1	1	1
1	1	0	1
1	1	1	1
2	2	2	2
1	1	1	1
1	1	1	1
1	3	2	4
1	1	1	1
1	1	1	1
1	1	1	1
1	1	1	1
1	1	1	1
5	3	3	8
1	1	1	1
1	1	1	1
1	1	1	1
2	1	1	1
2	58	9	0
1	1	1	1
0	1	1	0
1	1	1	1
0	1	1	0
2	1	1	1
1	1	1	1
2	2	1	2
1	1	1	2
4	3	2	5
2	1	1	2
1	5	1	1
1	1	1	1
0	2	1	2
1	1	1	1
0	1	0	2
1	1	1	1
0	1	1	0
1	1	1	1
1	1	1	1
1	1	1	1
1	2	1	1
1	1	1	1
1	1	1	1
1	1	1	0
1	1	1	1
1	1	1	1
2	2	1	2
2	1	1	2
0	3	3	0
0	1	1	0
2	2	1	3
1	1	0	1
1	1	1	1
1	1	1	2
0	1	1	0
1	1	1	1
4	2	2	5
1	1	1	1
1	1	1	1
1	1	1	1
3	2	1	3
0	1	1	0
2	2	2	2
2	1	1	2
2	2	1	1
1	2	1	1
1	1	1	1
1	1	1	1
1	1	1	1
0	1	1	0
1	1	1	1
1	1	0	1
1	2	3	2
1	1	3	1
2	3	2	2
1	1	1	1
1	1	1	1
2	1	1	2
0	1	1	0
1	1	1	1
1	1	1	2
2	1	1	2
2	1	1	1
1	1	1	1
1	1	1	1
1	1	0	1
1	1	1	1
4	2	1	4
3	3	1	3
2	1	0	2
1	1	1	1
2	1	1	2
1	1	1	1
1	1	1	1
1	4	2	1
1	1	0	1
3	3	2	3
1	1	1	1
1	1	1	1
1	1	1	1
1	1	1	1
2	3	2	2
0	1	1	0
1	1	1	1
1	1	1	1
1	1	1	1
1	1	1	1
0	1	1	0
1	1	1	1
2	1	0	2
1	1	1	1
1	2	1	2
2	1	1	2
1	1	2	1
2	2	1	2
1	2	2	4
4	2	2	8
2	1	2	2
1	1	1	1
1	2	2	2
1	1	1	1
1	1	2	1
1	2	1	1
0	1	1	0
4	1	3	5
1	1	0	1
1	1	1	1
2	2	1	2
1	1	1	1
2	1	1	1
1	1	2	1
2	1	1	2
4	3	2	6
1	2	2	1
2	3	2	5
1	1	1	1
2	3	3	3
3	2	2	2
1	1	1	1
1	1	1	1
1	2	0	1
1	1	1	1
2	1	1	1
1	1	1	2
1	1	1	1
2	1	1	2
1	1	1	1
1	1	1	1
1	2	2	1
1	1	1	1
0	2	4	0
1	1	1	1
0	2	0	2
1	2	1	2
0	1	1	1
1	1	1	1
1	1	1	1
1	1	1	1
2	3	2	2
2	2	1	1
1	1	1	1
1	1	1	1
1	1	1	1
1	2	1	1
0	1	1	0
1	1	1	1
2	1	1	2
2	2	1	2
2	1	1	2
1	1	1	1
2	3	2	2
1	1	1	1
1	1	1	1
1	1	1	1
2	3	1	1
1	1	1	1
1	1	1	1
2	1	1	2
1	1	1	1
2	1	0	1
4	2	2	4
1	1	0	1
2	2	0	2
2	1	1	1
1	1	1	1
1	1	1	1
1	1	1	1
1	1	1	1
2	3	2	3
1	1	1	1
0	1	1	0
1	1	1	1
1	1	1	1
2	2	1	2
2	1	1	2
3	1	1	3
1	1	1	1
1	1	1	1
0	1	1	0
1	2	1	1
2	1	1	1
4	5	4	4
2	1	1	2
0	1	1	0
1	1	1	1
1	1	1	1
1	2	1	1
2	1	1	2
0	1	1	2
1	1	1	1
1	1	1	1
1	1	1	0
0	1	1	0
1	1	1	1
4	3	2	5
2	1	1	2
1	1	1	1
0	1	1	0
1	2	1	1
1	1	3	1
1	1	1	1
1	1	1	1
3	2	1	2
1	1	1	1
1	1	0	1
1	1	0	1
1	1	1	0
2	1	2	2
1	1	1	1
1	1	1	1
2	1	1	2
2	3	1	2
1	1	1	1
2	1	2	2
1	1	1	1
2	1	1	1
1	1	1	1
2	2	2	2
1	2	1	1
2	1	1	2
1	1	1	2
1	1	0	1
1	1	1	1
2	2	2	1
2	2	1	3
3	3	9	2
0	1	1	0
1	1	1	1
0	3	2	1
1	1	1	1
3	1	1	3
2	1	1	2
1	1	1	1
1	1	1	1
1	1	2	1
1	1	1	3
1	1	1	1
1	2	0	1
0	1	1	0
1	1	1	1
1	2	0	1
0	1	1	0
0	3	1	0
1	1	1	1
1	1	1	1
1	1	1	1
2	1	0	2
1	1	2	1
1	1	1	1
1	2	1	0
1	1	0	1
1	1	1	1
3	2	1	5
1	1	1	1
0	1	1	0
1	1	1	1
2	2	1	2
0	1	2	0
1	1	1	1
1	1	0	1
3	3	3	3
1	1	1	1
3	1	1	3
1	1	1	1
1	1	1	1
1	1	4	1
1	2	1	1
2	2	1	1
1	1	1	1
1	2	2	2
1	1	1	1
1	1	1	1
1	5	4	1
1	1	1	1
1	1	0	1
1	1	1	1
1	1	1	1
0	1	2	1
0	3	1	2
0	1	1	0
2	1	1	2
2	1	1	2
2	2	2	1
2	1	1	2
1	1	1	1
1	1	1	1
1	1	1	1
1	1	1	1
1	3	1	2
1	1	1	1
1	1	1	1
1	2	1	2
1	1	1	1
0	1	1	0
1	1	0	2
1	1	1	1
0	1	1	0
1	1	1	2
1	1	1	1
2	1	1	2
2	2	1	1
1	1	1	2
0	1	1	0
2	1	1	2
3	1	1	2
3	2	1	3
1	1	1	1
1	4	1	1
1	1	1	1
2	3	1	2
1	7	1	1
4	3	2	4
1	1	1	2
1	1	1	1
3	1	0	3
1	1	0	1
1	1	1	1
2	1	0	1
0	1	1	0
0	1	1	0
1	1	0	1
1	1	1	1
1	1	0	1
0	1	1	0
1	2	2	1
0	1	1	0
1	1	0	1
1	1	1	1
1	1	1	1
1	1	1	1
1	1	1	1
1	1	1	1
1	1	2	1
1	1	1	1
1	1	1	1
1	1	1	1
0	1	0	1
0	1	1	0
0	1	1	0
1	1	1	1
1	1	0	1
0	1	1	0
1	1	1	1
1	1	1	1
2	1	1	2
2	1	1	2
1	1	1	1
1	1	1	1
0	1	1	0
1	1	1	1
2	1	1	2
2	2	1	2
0	1	1	0
1	1	1	1
1	1	1	1
1	1	1	2
1	1	1	1
0	1	1	0
1	1	1	1
1	1	1	1
1	2	1	2
2	2	2	1
1	1	1	1
1	1	1	1
1	2	1	1
1	1	1	1
1	1	1	1
2	3	2	3
1	1	1	1
1	1	0	1
1	1	2	1
3	2	2	3
1	2	1	1
0	1	1	0
1	1	0	1
2	2	2	3
1	1	1	1
1	1	1	1
0	1	1	0
1	1	0	1
0	1	1	0
1	1	1	1
1	1	1	1
1	1	1	1
1	1	1	1
1	1	0	1
1	1	1	1
5	4	1	5
1	1	1	1
2	1	1	1
1	1	2	1
1	2	1	1
1	2	2	1
2	1	1	2
1	1	1	1
1	1	0	2
1	1	1	1
1	1	0	1
1	1	1	1
0	1	1	0
1	2	2	1
0	1	1	0
0	1	1	0
2	2	0	2
1	1	1	1
1	1	1	1
0	17	2	1
3	2	3	4
0	3	2	0
1	1	1	1
2	1	1	2
8	6	4	8
1	1	1	1
2	2	2	2
2	1	1	3
1	1	1	1
1	1	0	1
1	1	0	1
1	1	1	1
1	1	1	1
1	1	1	1
1	1	1	1
1	2	1	2
6	5	6	7
1	1	1	1
1	1	1	1
3	1	1	3
0	1	1	0
0	1	0	2
1	1	1	1
1	1	1	1
1	1	1	1
1	1	1	2
1	1	1	1
1	1	0	1
2	1	2	2
1	1	1	1
1	1	1	1
2	1	1	2
1	1	0	1
1	1	1	1
2	2	1	2
0	1	1	0
1	1	1	1
1	1	1	2
3	2	1	3
1	1	1	2
0	2	1	0
1	2	3	5
1	1	1	1
2	64	7	2
3	3	2	3
0	1	1	0
1	1	0	1
2	2	2	2
1	1	1	1
3	3	3	3
2	1	2	2
2	5	2	8
4	3	2	5
6	4	3	6
3	1	1	3
9	4	4	10
1	1	1	1
1	1	1	1
2	1	1	2
0	1	1	0
2	1	2	2
1	3	2	1
1	1	0	1
1	1	1	1
0	1	0	1
0	1	1	0
1	1	1	1
1	1	1	2
1	1	1	1
1	1	0	1
0	5	1	1
1	1	1	1
2	2	1	2
2	1	1	1
0	1	1	0
1	1	0	1
1	1	1	1
2	4	0	0
1	1	1	1
3	1	4	2
1	1	1	1
2	1	1	2
1	1	1	1
1	1	1	1
7	8	1	9
1	1	1	1
1	1	1	1
0	1	1	0
1	2	2	1
1	1	1	1
1	1	1	1
2	1	1	1
1	1	0	1
1	2	2	1
1	1	0	1
1	1	1	1
0	1	1	0
2	2	2	2
1	1	1	1
2	1	1	2
0	1	1	0
1	1	1	1
0	1	1	1
2	1	2	2
1	1	2	1
1	1	1	1
1	1	1	1
1	1	0	1
1	1	1	1
1	1	1	1
1	1	1	1
1	1	1	1
0	2	2	0
1	1	1	1
1	1	1	1
0	1	1	0
1	1	1	1
1	1	1	1
1	1	1	1
1	1	1	1
0	2	1	0
2	1	1	1
8	9	5	9
0	1	1	0
1	1	0	1
1	1	1	1
5	5	3	5
5	5	4	6
2	1	1	2
1	2	2	1
2	1	1	2
1	1	1	1
1	1	1	1
0	1	1	0
1	1	2	1
1	1	1	1
1	1	1	1
1	1	1	1
1	1	1	2
0	2	1	0
2	3	3	1
0	1	1	0
1	1	1	1
2	1	1	2
1	1	1	1
1	1	1	1
1	1	1	1
2	1	2	3
1	2	2	2
1	2	2	1
1	1	1	1
1	1	1	1
1	1	1	1
1	1	1	1
1	5	0	3
4	3	2	4
1	1	1	1
2	1	1	2
1	1	1	1
1	1	1	1
1	1	1	1
2	3	1	2
2	1	1	2
2	1	1	1
2	1	1	2
1	1	1	1
0	77	18	0
1	1	1	1
1	1	1	1
2	1	1	1
1	1	0	1
1	1	0	1
2	1	1	1
0	1	1	0
2	1	1	2
2	1	1	3
2	1	1	2
2	1	1	3
1	1	1	1
1	1	1	1
3	1	1	3
1	1	1	1
6	7	9	8
2	1	1	2
5	3	1	5
1	1	1	1
1	1	1	2
0	1	1	0
1	1	1	1
6	2	1	13
2	2	1	2
1	1	1	2
1	2	2	1
1	1	1	1
1	1	1	1
0	1	1	0
1	1	1	1
1	1	1	1
0	6	1	1
2	3	3	2
1	1	1	1
2	1	1	1
1	1	1	1
1	1	1	1
2	1	1	1
2	2	1	2
2	1	1	1
1	3	2	2
1	1	1	1
1	1	1	1
1	1	1	1
1	1	1	1
1	1	1	1
3	1	1	3
1	1	1	1
1	1	2	1
4	3	2	4
2	2	2	2
1	1	1	1
1	1	1	1
1	1	1	1
1	1	0	1
1	1	1	1
1	1	1	1
3	3	2	4
2	1	1	2
2	3	3	2
1	1	1	1
1	1	1	1
2	1	1	2
2	1	1	1
1	3	1	1
2	2	2	2
2	1	1	2
1	1	1	1
1	2	1	2
2	1	1	2
1	1	1	1
0	1	1	1
1	1	1	1
0	2	1	0
1	1	1	1
2	2	1	1
1	1	0	1
0	4	1	0
2	2	2	2
3	4	3	4
1	1	1	1
1	1	2	1
1	1	1	1
1	1	2	1
1	1	1	1
1	2	0	1
1	1	1	1
3	3	2	3
2	1	2	1
1	1	1	1
1	1	1	1
0	1	1	0
1	1	1	1
1	1	2	1
0	2	1	0
1	1	1	1
1	1	1	1
1	1	1	1
4	2	2	3
1	1	1	1
0	1	0	2
2	3	2	2
1	1	1	1
1	2	1	1
4	3	1	4
1	1	1	1
0	1	1	0
0	1	1	0
1	1	1	1
1	1	1	1
1	1	0	1
1	1	1	1
1	1	0	1
2	2	2	2
0	2	2	0
1	1	1	1
0	1	1	0
3	2	1	1
1	1	1	1
1	1	1	1
0	1	1	0
1	1	1	1
1	1	1	1
2	1	1	2
1	1	1	1
1	1	1	1
2	3	2	2
1	1	1	1
3	2	2	3
1	1	0	2
2	1	2	1
2	1	1	2
1	1	1	1
1	1	1	1
0	3	1	1
0	1	1	0
1	1	1	1
0	1	1	0
1	1	1	1
1	1	1	1
1	1	0	1
3	2	1	4
1	1	1	2
15	2	1	13
3	3	2	3
1	2	1	2
3	1	1	4
0	3	1	2
0	1	1	0
0	1	1	0
2	1	1	1
1	1	1	1
1	1	0	1
2	1	1	2
1	1	1	1
1	1	1	1
6	2	1	3
1	1	1	1
1	1	1	1
1	1	1	2
1	1	1	2
0	1	0	1
1	1	0	1
1	1	2	2
2	1	1	1
1	1	1	1
1	1	1	1
1	1	1	1
1	1	1	1
1	1	1	1
1	1	1	1
2	1	1	1
1	1	1	1
1	1	1	1
1	1	0	1
2	2	2	2
1	1	2	1
2	1	0	2
1	1	1	1
1	2	0	1
1	1	1	1
0	1	1	0
1	1	0	1
1	2	1	1
4	4	3	5
2	1	1	2
2	2	2	2
1	1	1	1
1	1	1	1
1	1	0	1
0	1	1	0
1	1	1	1
1	1	1	1
1	1	1	1
1	1	1	1
1	1	1	1
1	1	0	1
0	2	1	0
0	1	1	0
1	1	1	1
8	7	5	9
1	1	1	1
0	1	74	0
1	1	1	1
1	1	1	1
2	1	1	2
1	1	1	1
1	2	2	1
1	1	1	2
1	1	1	1
1	1	1	1
1	1	1	1
2	2	2	1
3	2	1	3
2	1	1	2
1	1	0	1
1	1	1	1
1	2	1	1
1	1	1	1
1	1	3	2
1	1	0	1
1	1	0	1
1	1	2	1
1	2	2	1
2	1	1	2
1	1	0	1
0	1	1	0
1	1	1	1
1	1	1	1
0	1	1	0
2	1	1	2
3	2	2	2
1	1	1	1
1	1	1	1
1	1	1	1
2	1	1	1
1	1	1	1
0	1	1	0
1	2	1	1
1	1	0	1
1	1	1	1
0	1	0	1
1	1	1	1
2	1	1	2
0	1	1	0
2	35	7	70
1	1	1	1
1	2	2	1
1	2	2	1
1	1	1	1
1	2	1	1
1	2	0	1
0	2	1	0
1	1	0	1
2	1	1	1
1	1	1	1
0	2	1	0
1	1	1	1
1	1	1	1
1	1	1	1
1	1	1	1
2	1	1	2
1	1	1	1
2	1	1	2
1	1	1	1
1	1	1	1
1	1	0	1
1	1	1	1
1	1	1	1
1	1	0	1
1	1	1	1
0	1	1	0
2	2	2	2
1	1	1	1
1	1	1	2
1	1	2	2
1	1	1	1
0	1	1	0
1	1	2	1
1	2	1	1
0	1	1	1
1	1	2	1
1	1	1	2
3	1	1	1
1	1	1	1
1	1	1	1
1	1	2	2
1	1	1	1
5	3	3	6
1	1	1	1
1	1	1	1
1	1	1	1
2	1	1	1
1	1	1	1
1	1	1	1
1	1	1	1
1	1	1	1
2	1	1	2
3	2	2	3
1	1	1	1
1	1	1	1
1	2	1	1
1	2	1	1
1	1	1	1
1	1	1	1
2	1	1	2
2	1	1	3
0	1	1	0
1	1	1	1
1	1	1	1
1	1	1	1
2	1	1	2
1	1	1	1
0	1	1	0
1	1	1	1
0	1	1	0
1	2	1	1
1	1	1	1
1	1	1	1
0	1	1	0
1	1	1	1
2	6	1	2
1	1	1	1
2	1	1	1
1	1	0	1
1	1	1	1
1	1	1	1
1	1	1	1
1	1	1	1
2	1	1	1
1	1	1	1
2	2	2	2
1	1	1	1
2	1	1	1
2	3	1	1
2	2	2	2
1	1	1	1
0	1	1	1
1	1	0	1
3	2	1	3
2	2	1	2
1	1	2	1
2	1	1	2
1	1	1	1
1	1	0	1
1	1	0	1
1	1	1	1
1	1	1	1
2	2	1	2
1	2	1	1
1	1	1	1
2	2	2	2
1	1	1	1
1	2	0	1
1	2	1	1
1	1	1	1
1	1	1	1
3	2	1	3
1	1	1	1
1	1	1	1
1	1	1	1
3	1	3	4
19	10	10	22
1	1	1	1
1	1	1	3
1	1	2	1
1	1	2	1
1	2	1	1
1	1	1	1
2	1	1	1
1	1	1	1
2	1	1	2
1	1	1	1
0	1	1	1
0	2	1	1
4	3	3	5
1	1	1	1
1	1	1	1
1	1	1	1
1	1	1	1
1	1	1	1
3	2	2	4
1	1	1	1
1	1	1	1
1	1	1	1
3	2	2	3
1	1	1	1
2	2	2	2
0	1	1	1
1	1	1	1
1	1	1	1
1	1	1	2
0	1	1	0
1	1	1	1
1	1	1	1
1	1	1	1
2	1	1	2
1	1	1	1
1	1	1	1
1	1	2	1
1	2	2	2
1	1	1	1
0	1	1	0
0	21	2	0
1	1	1	1
1	1	1	1
1	1	1	1
1	1	1	1
1	2	2	1
1	1	2	1
1	1	1	1
1	1	1	1
1	1	1	1
1	1	1	1
1	2	1	1
1	1	1	1
1	1	1	1
0	1	1	1
1	1	1	1
1	1	1	1
1	1	1	1
0	2	1	0
2	1	0	1
1	1	1	1
1	1	1	1
2	2	2	1
1	1	1	1
2	1	0	2
2	1	1	1
1	2	1	1
1	1	1	1
2	1	1	2
1	2	0	1
1	1	1	1
1	1	1	1
1	1	1	1
1	1	1	1
1	1	1	1
2	2	3	2
1	1	2	1
1	1	1	1
3	1	1	3
1	1	0	1
1	1	0	1
1	1	2	1
2	1	1	1
2	1	1	3
1	1	0	1
1	1	1	1
1	1	2	1
1	1	0	1
1	1	2	1
1	1	0	1
1	1	1	1
1	1	1	1
1	1	1	1
1	1	0	1
1	2	1	1
0	1	1	0
0	1	1	0
1	3	3	1
1	1	0	1
1	1	0	1
3	2	1	3
2	1	1	2
1	2	0	0
0	13	1	0
2	1	1	2
2	1	1	1
2	2	1	2
4	2	3	3
1	1	1	1
2	1	1	1
3	3	2	3
2	1	1	2
1	1	2	1
1	1	2	1
0	1	0	1
1	1	1	1
1	1	1	1
1	2	0	2
2	1	1	2
2	1	1	3
1	1	1	1
2	2	1	2
1	1	1	1
2	19	2	3
1	1	1	1
1	1	1	1
1	1	1	1
2	2	2	2
2	1	0	3
1	1	2	1
1	1	1	1
1	1	1	1
1	1	1	2
1	1	1	1
0	1	1	0
1	1	1	1
1	1	1	1
1	1	1	1
2	1	3	2
2	1	1	2
1	1	1	1
1	1	1	1
1	1	1	1
1	1	1	1
1	2	1	1
1	1	1	1
1	2	2	1
1	1	1	1
1	1	1	1
1	1	0	1
2	1	1	2
1	1	1	1
2	2	1	1
1	1	0	2
1	1	1	1
1	1	1	1
1	2	1	1
2	1	1	1
1	1	2	1
2	1	1	2
2	2	1	2
2	2	1	2
1	1	1	1
1	1	1	1
2	1	1	1
0	1	1	0
1	1	1	1
4	2	1	3
1	4	2	1
1	1	1	1
1	1	2	2
1	1	2	1
1	1	1	1
1	1	1	1
2	2	1	2
1	1	1	1
2	2	1	1
1	1	1	1
1	1	1	1
1	1	1	1
1	1	1	1
1	1	1	1
1	1	1	1
1	1	1	1
1	1	1	1
1	1	1	1
1	2	2	1
1	1	1	1
2	1	1	2
1	1	1	1
1	1	1	1
1	1	1	2
1	1	1	1
1	1	1	2
1	1	0	1
0	2	1	0
1	2	1	1
1	1	1	1
6	9	7	14
1	1	0	1
1	1	1	1
1	1	0	1
1	1	1	1
1	1	1	1
1	2	1	1
2	1	0	2
0	1	1	0
1	1	1	1
1	1	1	1
0	1	1	0
0	1	1	0
1	2	0	1
1	2	1	1
1	1	1	1
1	1	1	1
1	1	0	1
1	1	1	1
1	1	1	1
1	2	1	1
1	1	1	1
2	1	1	1
1	1	1	1
1	1	1	1
1	2	1	1
1	1	1	1
1	1	1	1
2	1	1	2
1	1	1	1
1	1	2	1
2	2	2	2
1	1	1	1
2	2	2	3
1	1	1	1
2	2	2	2
2	1	1	7
0	1	1	0
2	2	1	2
1	1	0	1
1	1	1	1
1	1	1	1
1	1	1	1
1	1	1	1
1	1	1	1
1	1	0	1
1	1	1	1
1	1	1	1
0	2	2	1
1	1	0	1
2	2	1	1
0	1	1	0
1	1	1	1
1	1	1	1
1	1	1	2
1	1	1	1
4	1	0	16
1	1	1	1
1	1	1	1
2	1	1	2
1	1	1	1
1	1	2	1
1	1	1	1
1	1	1	1
1	1	1	1
1	1	1	1
0	1	1	0
1	1	1	1
1	94	3	2
1	1	1	1
0	2	1	0
1	1	3	1
1	1	1	1
1	1	1	1
0	1	1	0
2	1	1	2
1	1	1	1
4	3	1	2
1	1	1	1
1	1	1	1
2	1	1	2
1	1	1	1
1	1	1	1
1	1	1	1
1	1	1	1
0	1	1	0
1	1	1	1
0	1	1	0
2	1	1	1
2	1	1	2
1	1	1	1
1	1	0	1
2	1	1	1
0	1	1	1
2	1	1	2
1	1	0	1
1	1	1	1
3	1	1	2
1	1	1	1
0	1	0	1
1	1	1	1
2	1	1	2
1	1	1	1
1	1	1	1
1	1	1	1
1	1	1	1
1	1	1	1
2	6	4	7
1	1	0	1
1	1	1	1
2	1	1	1
1	2	1	1
1	1	1	1
1	1	1	1
1	1	1	1
5	4	3	3
1	1	1	1
2	1	1	2
2	1	1	2
2	7	19	1
1	1	1	1
1	1	1	1
1	1	1	1
1	1	1	1
2	1	1	2
1	1	1	1
2	1	2	1
1	1	1	1
1	1	1	1
2	1	1	2
2	1	1	2
1	1	1	1
1	1	1	1
4	5	4	6
1	1	1	2
1	1	1	2
1	1	1	1
1	1	1	1
1	1	1	1
1	1	1	1
2	2	1	2
1	1	1	1
2	2	1	2
1	1	1	1
1	1	2	1
1	1	1	1
0	1	1	0
1	1	1	1
2	2	2	2
1	1	1	2
1	1	1	1
1	1	1	1
2	1	0	1
0	1	1	0
1	1	1	1
0	2	2	0
3	4	4	3
1	1	1	1
0	1	1	0
1	1	1	1
1	1	1	1
1	1	1	1
1	1	1	1
2	1	1	2
2	1	1	2
1	1	1	1
1	1	0	2
1	1	0	1
1	2	1	1
1	1	1	1
2	1	1	2
0	1	1	0
4	5	5	4
1	1	1	1
2	1	1	2
1	1	1	1
1	1	1	1
2	3	1	6
1	1	1	1
1	1	1	1
5	2	3	4
1	1	1	1
1	1	1	1
1	1	0	1
3	4	2	4
1	1	1	2
2	2	2	2
0	2	3	0
1	1	1	2
1	1	1	1
1	1	1	1
2	2	1	2
1	1	1	1
1	2	1	1
1	1	1	1
1	1	1	1
2	2	0	2
3	1	1	2
1	1	1	1
0	1	1	0
1	1	1	1
1	1	1	1
4	3	2	4
1	1	1	1
1	1	1	1
1	1	1	1
1	2	1	1
1	1	1	1
1	1	1	1
1	1	1	1
1	1	1	1
1	1	1	1
1	1	1	1
0	1	1	0
1	1	1	1
1	1	1	1
1	1	0	2
1	1	2	1
1	1	1	1
2	1	1	1
1	1	1	1
2	1	0	2
1	1	1	1
0	1	1	0
2	1	1	2
1	2	1	1
1	2	1	1
1	2	0	2
0	1	1	0
0	1	1	1
1	1	1	1
1	1	1	1
1	3	1	6
1	1	1	1
1	1	2	1
1	2	1	2
1	1	1	1
4	1	1	4
1	1	0	1
1	1	1	1
2	1	1	3
1	1	0	1
1	1	1	1
1	1	1	1
1	1	2	1
1	1	0	1
1	1	1	1
2	1	1	2
1	1	2	2
2	1	1	2
1	2	0	1
1	1	1	1
1	2	3	1
1	2	1	1
1	1	1	1
1	1	2	2
0	1	1	0
1	1	1	1
1	1	1	1
0	2	1	0
1	1	1	1
1	1	1	1
1	1	1	1
3	2	2	3
1	1	1	1
1	1	1	1
2	1	1	1
2	1	1	2
1	1	0	1
1	1	1	1
3	1	1	3
2	1	1	2
1	1	1	1
1	1	1	1
3	3	3	4
1	1	1	1
0	1	1	0
1	1	1	1
1	1	1	1
1	1	0	1
1	1	1	1
2	2	1	3
1	2	1	1
1	1	1	1
1	1	1	1
1	1	1	1
1	1	1	2
2	1	1	2
1	1	1	1
1	1	1	1
3	2	2	3
0	1	1	1
2	2	0	3
1	1	1	1
1	1	1	1
1	1	2	1
1	1	1	2
1	1	1	1
1	1	0	1
1	1	1	1
1	1	1	1
1	1	1	1
2	2	2	2
1	1	1	1
1	1	1	1
2	1	1	2
0	1	1	0
1	1	0	1
0	1	1	0
0	2	1	0
1	1	1	1
1	2	2	1
1	1	3	1
2	1	1	2
1	1	1	1
1	1	1	1
1	1	1	1
2	1	1	2
1	1	1	1
2	1	1	2
1	1	1	1
1	2	1	1
2	1	1	2
1	1	1	1
1	1	1	1
1	2	2	1
1	1	1	1
1	1	0	1
1	1	1	1
0	1	1	0
1	1	2	1
1	1	1	1
1	2	2	1
0	1	1	1
1	1	1	1
2	2	1	2
1	1	1	1
1	1	1	1
6	3	1	8
1	1	1	1
1	1	0	1
1	1	1	1
3	2	1	2
4	4	3	3
3	2	2	3
3	2	1	3
0	1	1	0
1	1	1	1
1	1	0	1
1	1	1	2
2	1	1	2
1	1	1	1
2	1	1	1
1	1	1	1
0	13	2	1
1	1	1	1
1	1	1	1
1	1	0	1
1	1	0	2
2	1	1	1
1	1	1	2
1	1	1	2
1	1	1	0
2	1	1	2
1	1	0	1
4	1	0	4
1	1	1	1
1	1	1	1
1	1	1	1
1	1	1	1
0	1	2	0
2	2	1	1
2	1	0	2
1	1	1	1
4	2	3	4
0	1	1	1
1	2	2	1
1	1	1	1
1	1	0	1
0	1	1	0
0	4	2	0
1	1	1	1
1	1	1	1
1	1	0	1
0	2	1	0
1	1	1	1
2	1	2	2
0	1	1	0
2	1	0	1
0	1	1	0
2	1	1	1
2	2	1	2
1	1	1	1
1	1	1	2
2	1	1	2
2	3	2	2
1	1	1	1
1	2	1	1
2	2	1	2
1	1	1	1
1	1	0	1
1	1	1	2
1	1	0	1
2	1	1	1
1	1	1	1
1	1	1	1
0	1	1	0
1	1	1	1
1	1	1	1
1	1	1	2
0	1	0	2
1	1	1	1
1	2	1	1
4	4	3	4
1	1	1	1
1	1	1	1
2	1	1	2
1	1	1	1
1	1	1	1
1	1	1	1
1	1	1	1
1	1	1	1
1	1	1	1
2	3	2	2
2	1	1	2
2	3	3	2
4	2	2	3
1	1	1	1
2	2	1	2
2	1	1	2
2	2	2	2
1	1	0	1
0	1	0	1
1	2	1	1
1	1	1	1
1	1	1	1
0	1	1	0
1	2	2	1
1	1	1	1
2	1	1	2
4	3	2	3
1	1	0	1
1	1	1	1
1	1	1	1
1	1	0	1
2	1	0	1
1	1	0	1
1	1	1	1
3	3	3	3
1	1	2	1
1	1	1	1
1	1	1	1
1	1	1	1
1	1	0	1
1	1	1	1
0	1	1	0
1	2	0	1
1	2	1	1
3	2	2	4
0	1	1	0
0	1	1	0
1	1	1	1
1	1	2	1
1	1	1	1
1	1	1	1
2	1	1	2
1	1	1	1
1	1	1	1
1	1	1	1
2	1	1	1
1	1	1	1
1	1	1	2
2	2	0	2
3	2	2	3
1	1	1	1
1	1	1	1
1	2	2	1
1	1	1	1
1	1	1	1
1	1	1	1
1	1	1	1
2	1	1	2
1	2	0	1
1	1	1	1
1	1	1	1
1	1	1	1
1	1	0	1
2	1	1	2
1	1	1	1
1	1	1	1
1	1	1	1
1	1	1	1
1	3	1	1
1	1	0	1
1	1	1	1
2	2	1	2
1	1	2	1
2	1	1	2
1	1	1	1
2	3	1	3
0	1	1	0
1	1	1	1
1	1	1	1
1	1	1	1
1	1	1	1
1	1	1	1
2	2	2	2
1	1	1	1
1	1	1	1
1	1	1	1
2	1	1	2
1	1	1	1
1	1	0	1
0	1	1	0
1	1	0	1
3	2	2	3
0	1	2	0
1	1	1	1
1	1	1	1
3	2	2	3
1	1	1	1
2	1	1	2
1	2	1	0
1	1	0	1
1	1	1	1
3	2	1	3
0	1	1	1
2	1	1	2
1	1	1	1
1	1	1	1
2	1	1	2
1	1	1	1
1	4	6	1
1	1	1	1
1	1	1	1
2	2	1	1
0	1	1	1
1	1	1	1
1	1	1	1
2	1	0	1
1	1	3	1
1	1	1	1
1	1	1	1
1	1	2	1
1	1	1	1
1	1	1	4
1	1	1	1
0	1	1	0
1	1	1	1
0	1	1	0
2	2	1	3
1	1	1	1
2	1	1	2
3	3	2	2
1	1	0	1
1	1	1	1
1	1	2	1
1	1	1	1
2	2	2	2
1	1	1	1
1	1	1	1
2	1	1	3
1	1	1	1
1	1	0	1
1	1	0	1
1	1	0	1
1	1	1	1
2	2	2	2
1	1	1	1
0	6	1	0
1	1	1	1
1	1	1	1
2	1	1	2
3	1	1	2
1	2	2	1
1	1	1	1
0	1	1	0
1	1	1	1
1	2	1	1
3	3	1	1
1	1	1	1
1	1	1	1
1	1	0	1
1	1	1	1
1	1	1	1
2	1	1	2
1	1	1	1
0	2	1	0
2	1	2	3
2	2	1	2
1	3	2	1
2	1	1	2
1	1	1	1
1	1	1	1
1	1	1	1
1	1	1	1
0	1	1	0
3	2	1	3
1	1	1	1
2	1	1	2
2	1	1	2
1	1	1	1
1	1	1	1
2	2	2	3
2	1	1	2
3	2	2	3
1	1	1	1
1	1	1	1
1	1	1	1
3	1	1	1
1	1	0	1
1	2	1	1
1	1	1	1
0	1	1	0
1	1	1	1
1	1	1	1
2	1	1	2
2	3	3	2
1	2	2	1
1	1	1	1
1	1	1	1
1	1	1	1
2	1	1	1
1	1	1	1
2	1	3	2
2	1	1	2
1	1	1	0
0	1	1	0
2	1	1	2
1	1	0	1
1	1	0	1
1	2	1	1
1	1	1	1
1	1	2	1
2	2	1	3
1	1	0	1
2	1	2	2
1	1	1	1
2	1	1	2
1	1	1	1
23	8	5	42
0	9	0	1
1	1	1	1
6	6	3	4
1	1	0	1
1	1	1	1
1	1	1	1
0	1	1	0
3	1	2	2
0	9	3	0
0	1	1	0
1	1	1	1
1	1	1	1
0	1	0	2
2	1	1	2
