Thepa	Theca	Carpa	Arath
0	1	2	1
1	1	1	1
1	1	1	1
1	1	1	2
1	1	1	1
1	1	1	1
1	1	1	1
2	2	2	2
1	2	1	1
0	9	2	0
1	1	0	1
1	1	0	1
1	1	1	1
1	1	2	1
2	1	1	2
0	2	1	0
1	1	0	1
2	2	1	2
1	1	1	1
1	1	1	1
2	3	3	2
0	1	1	0
1	2	1	1
1	1	1	1
0	1	1	0
0	1	0	1
1	1	1	1
1	1	1	1
1	2	0	1
2	1	3	1
1	1	1	1
1	1	1	1
1	1	1	1
1	1	0	1
1	1	1	2
1	1	1	1
2	1	1	2
1	1	1	1
1	1	1	1
1	1	1	1
2	1	1	1
1	1	2	1
1	1	1	1
1	1	1	1
2	1	1	2
1	1	1	1
1	2	1	1
1	1	1	2
1	2	1	2
1	1	1	1
2	1	1	2
1	1	1	1
1	1	1	1
0	2	1	0
0	1	1	1
1	1	1	1
1	1	1	1
1	1	1	1
2	1	1	2
0	1	1	1
2	1	1	2
1	3	1	2
1	2	0	1
1	1	1	2
1	1	1	1
0	1	1	0
2	1	1	2
1	1	1	1
1	1	0	1
2	1	1	1
1	1	1	1
1	1	1	1
1	1	0	1
2	1	1	3
1	1	1	1
4	2	2	5
6	5	1	4
1	1	1	1
0	1	1	0
1	1	1	1
1	1	3	1
2	1	1	2
4	2	1	4
2	1	1	2
1	1	1	1
3	2	2	3
1	1	0	0
2	1	1	2
2	2	2	2
2	3	2	2
0	1	1	0
1	1	1	1
1	1	1	1
1	1	1	1
0	1	1	0
1	1	1	1
2	1	2	1
1	1	0	1
1	1	1	1
1	1	1	1
2	1	1	2
1	1	2	1
1	3	1	1
1	1	1	1
1	1	1	1
1	2	2	1
1	1	0	1
1	1	1	1
0	1	1	0
2	2	1	2
3	3	1	1
0	1	1	1
3	1	2	3
1	1	2	1
1	1	1	1
1	1	1	1
1	1	1	1
1	1	1	1
1	1	1	1
1	1	1	1
1	1	1	1
1	1	0	1
1	1	1	1
1	1	1	1
2	2	1	2
4	2	1	4
0	1	1	0
1	1	0	1
2	2	1	2
1	1	1	1
1	1	0	1
0	1	1	0
2	2	2	2
1	2	1	1
2	1	0	1
1	1	1	1
2	2	1	2
13	13	11	15
2	1	1	1
1	1	1	1
1	1	1	1
1	1	1	1
1	1	1	1
1	1	1	1
2	2	1	3
1	1	0	1
1	1	1	1
1	2	1	2
2	1	1	2
1	1	1	1
2	3	1	2
1	1	1	1
1	1	1	1
1	2	1	1
2	3	3	2
1	1	1	1
1	1	1	1
0	1	2	0
1	1	1	1
1	2	1	1
1	1	2	1
1	1	1	1
2	1	1	2
1	1	1	1
1	1	1	1
1	1	1	1
1	1	1	1
1	1	1	1
1	1	1	1
0	1	1	0
1	1	1	1
1	1	0	1
1	1	2	1
1	1	1	1
0	1	1	0
1	1	0	1
0	1	1	0
3	1	1	3
2	1	1	3
1	1	1	1
1	1	0	1
0	1	1	1
3	2	1	2
2	2	1	2
1	1	1	1
2	1	1	2
7	6	6	7
1	2	3	5
0	1	1	0
1	1	1	1
2	3	3	2
2	1	1	1
4	2	0	4
1	1	1	1
1	1	1	1
3	1	1	3
2	1	1	2
1	1	1	3
1	1	1	1
3	2	1	3
1	1	0	1
1	1	1	1
1	2	1	1
1	1	1	1
1	1	1	1
1	1	1	1
1	1	1	1
1	1	1	1
2	1	1	2
1	1	1	2
1	1	1	1
1	1	1	1
1	1	1	1
1	1	1	1
0	1	1	0
1	1	1	1
1	1	1	1
1	1	1	0
1	1	0	1
1	1	1	1
2	2	2	3
1	1	1	1
2	2	7	2
0	1	1	0
1	1	1	1
1	1	1	1
1	1	1	1
2	1	1	1
1	1	1	1
0	2	1	0
0	2	2	0
1	1	1	1
3	2	2	3
4	4	1	4
3	6	3	3
1	1	1	1
1	1	1	1
0	1	2	0
2	1	1	2
1	1	1	1
1	1	1	1
1	1	1	1
1	1	1	2
1	1	1	1
1	1	2	1
1	2	1	1
0	1	1	1
1	2	0	1
1	1	1	1
1	1	1	1
1	2	2	1
2	1	1	2
1	1	1	1
1	1	1	1
0	1	0	1
1	1	1	1
2	2	1	3
1	1	1	1
2	2	2	2
1	2	2	2
2	1	0	3
2	1	1	3
1	1	1	1
1	1	2	1
2	1	1	2
1	1	0	1
1	1	1	1
1	2	2	1
1	1	0	1
1	5	1	1
1	1	1	1
1	1	0	1
4	1	1	2
2	1	1	2
1	2	1	1
1	1	2	1
2	1	1	2
3	4	1	3
3	1	1	2
1	1	1	1
1	1	1	1
1	1	1	1
1	1	0	1
2	1	1	2
1	1	1	1
1	1	1	2
0	1	2	0
2	1	0	1
1	1	1	1
1	1	1	2
2	2	2	2
2	1	1	1
1	1	1	1
1	1	1	1
0	1	1	1
1	2	2	1
0	1	1	0
2	2	2	2
0	1	1	0
2	1	1	2
3	1	1	2
1	2	1	1
0	1	2	0
1	1	1	1
1	1	1	1
2	2	1	3
1	1	0	1
1	1	1	1
2	1	1	1
1	7	0	6
2	1	2	2
1	1	1	1
5	6	2	35
17	17	12	21
14	8	9	12
1	1	1	1
1	1	1	1
2	2	2	2
1	1	1	1
1	2	1	1
0	1	1	0
3	2	1	3
1	1	1	1
3	2	2	3
1	1	1	1
1	1	1	1
2	1	1	2
1	1	1	1
1	1	1	1
1	1	1	1
1	1	0	1
1	1	1	1
0	1	1	0
1	1	1	1
1	1	1	1
2	1	0	2
3	3	4	3
2	1	2	1
1	2	1	2
0	1	1	0
3	1	1	3
1	1	1	1
1	1	1	1
1	1	1	1
1	1	1	1
1	1	1	1
1	1	0	1
2	1	1	2
1	1	1	1
1	1	1	1
1	1	0	1
1	1	1	1
1	1	1	1
4	2	2	4
3	2	1	3
3	4	1	0
1	1	1	1
1	1	1	1
1	2	3	1
1	1	1	1
2	1	1	2
1	1	1	1
1	1	2	1
1	1	1	1
2	1	3	2
1	1	1	1
1	1	1	1
1	1	2	1
0	1	1	0
1	1	1	1
0	1	1	0
1	2	2	1
0	1	1	0
1	1	1	1
1	1	1	1
1	1	2	1
1	1	0	1
1	1	2	1
1	1	1	1
1	1	1	1
1	1	1	1
1	1	1	1
1	2	0	1
1	1	1	1
1	1	1	1
1	1	0	1
0	1	1	0
1	1	1	1
1	2	2	1
1	1	0	1
1	1	1	1
2	1	1	2
1	1	1	1
1	1	0	1
1	2	2	1
1	2	1	1
1	1	1	1
1	1	0	1
1	3	1	1
1	1	1	1
2	2	2	2
2	1	1	1
1	1	1	1
1	2	1	1
1	1	2	2
2	2	2	2
1	1	0	1
1	2	2	1
1	1	0	1
1	1	1	1
1	1	1	1
3	2	2	1
1	1	1	1
1	1	1	1
1	1	1	1
1	1	1	1
1	1	1	1
2	1	1	2
1	1	1	1
2	2	2	2
2	1	0	2
1	1	0	1
1	1	1	1
3	4	2	3
0	1	1	0
2	1	1	2
1	1	1	1
1	2	1	2
1	1	1	1
2	1	2	2
1	2	2	2
1	1	1	1
1	1	1	1
2	2	1	2
2	1	1	1
1	1	2	1
1	1	1	1
1	1	1	1
1	1	1	1
1	2	2	1
1	1	0	1
7	1	1	0
1	1	1	1
1	1	1	1
2	1	1	1
4	2	2	4
3	3	2	3
1	2	1	1
1	1	1	1
2	1	1	2
0	1	1	0
1	2	2	1
1	1	1	1
1	1	1	1
4	2	2	9
3	2	1	3
1	1	1	1
0	1	1	0
9	8	6	9
0	1	1	0
1	1	1	1
1	2	2	1
1	1	1	2
1	1	1	1
1	1	1	1
1	1	0	1
1	1	4	1
1	3	1	1
1	1	1	1
4	3	2	3
3	2	2	3
3	1	1	2
1	1	1	1
0	1	1	0
1	1	1	1
1	1	0	1
2	7	4	3
1	1	1	1
2	6	3	3
1	1	1	1
22	57	13	26
2	1	1	2
1	1	1	1
1	1	0	1
2	1	1	2
1	1	1	1
1	1	1	1
1	1	1	1
1	1	1	1
1	1	1	1
1	1	1	1
0	1	1	0
1	1	0	1
1	1	1	1
1	1	1	1
1	1	1	1
1	1	1	1
1	2	1	1
1	1	1	1
2	1	1	2
1	2	1	2
1	1	0	1
1	1	1	1
2	1	0	1
4	4	2	9
1	1	1	2
1	1	1	1
1	1	0	1
1	1	1	1
1	1	2	1
0	1	1	0
1	2	1	1
2	2	2	2
2	1	1	2
0	1	1	0
1	1	0	1
1	1	1	1
1	1	1	1
1	1	1	2
0	1	1	0
1	1	1	1
1	1	1	1
5	2	2	7
1	1	1	1
1	1	1	1
1	1	1	1
1	2	0	2
1	1	1	1
1	1	0	1
1	1	1	1
1	1	1	1
2	2	1	2
1	1	1	1
1	1	2	1
1	1	1	1
1	1	1	1
1	2	0	1
2	1	1	2
1	1	1	1
1	1	1	1
2	1	1	1
1	1	1	1
1	1	1	1
4	1	1	2
1	1	0	1
1	1	0	1
1	1	1	1
1	1	1	1
1	1	1	1
1	1	0	1
1	1	1	1
0	1	1	0
1	1	1	1
1	1	0	1
1	2	1	1
1	1	1	1
1	1	0	1
0	2	2	1
1	2	1	1
1	1	1	1
2	2	1	2
1	2	1	1
2	2	2	2
1	1	1	1
1	1	0	1
1	1	1	1
1	1	1	1
1	1	1	1
1	2	1	1
1	1	1	1
1	1	1	1
2	1	1	2
1	2	1	1
1	1	1	1
2	1	1	2
1	1	1	1
0	1	1	0
3	1	1	2
1	1	1	1
1	1	1	1
1	1	1	1
1	1	1	1
1	1	1	1
1	2	2	1
3	1	1	3
2	1	1	1
1	1	1	1
2	1	1	2
2	2	1	2
1	1	1	1
1	1	1	1
1	2	1	1
2	2	1	2
1	1	0	1
2	1	1	2
1	1	0	1
1	1	1	1
1	1	0	1
0	13	2	0
1	1	0	1
0	1	1	0
1	1	0	1
1	1	0	1
1	1	1	2
1	1	1	1
2	1	1	1
1	1	2	1
4	2	1	4
1	1	0	1
1	1	1	1
1	1	1	1
1	1	1	1
0	1	1	0
2	1	2	1
2	2	2	2
2	1	1	1
1	1	1	1
0	1	1	1
1	1	1	1
2	2	2	2
1	1	1	1
1	1	1	1
1	1	1	1
1	1	1	1
1	1	0	1
0	3	1	0
1	1	1	1
1	1	1	1
1	1	1	1
1	2	1	1
1	1	0	1
1	1	1	1
1	3	2	1
3	2	2	3
1	1	1	1
2	1	1	2
2	1	0	2
6	3	4	4
1	1	1	2
1	1	1	1
0	1	1	0
0	1	1	0
2	1	1	2
1	1	1	1
1	1	1	1
4	2	2	4
6	3	3	7
1	1	1	1
1	2	2	1
2	2	2	2
2	1	1	2
1	1	1	1
1	1	2	1
1	1	1	1
2	2	2	4
0	1	1	0
0	1	0	1
1	1	1	1
1	1	1	1
0	1	1	0
1	2	3	1
2	2	1	2
3	2	2	3
2	1	1	2
1	1	1	1
2	1	0	2
2	1	4	3
1	1	1	1
1	1	1	1
3	2	2	4
1	1	0	1
1	1	1	1
3	1	1	2
1	1	1	1
1	2	2	1
1	1	1	1
1	1	1	1
0	1	1	1
1	1	1	1
3	2	2	3
1	1	1	1
3	5	4	3
1	1	1	1
1	1	1	1
2	2	0	2
1	1	1	1
2	2	2	2
2	1	1	2
1	1	1	1
2	1	1	2
1	1	1	1
0	4	2	0
2	2	1	1
1	1	1	1
2	1	1	2
1	3	0	1
1	1	1	1
0	1	1	0
1	1	1	1
1	1	1	1
0	1	0	1
6	1	3	4
6	4	4	5
2	1	2	2
1	1	1	1
1	1	0	1
2	1	1	2
0	1	1	0
1	1	1	1
2	1	1	1
0	1	1	0
2	1	1	2
3	4	2	4
2	1	0	1
4	2	2	5
0	1	1	0
1	1	0	2
1	3	2	3
1	1	1	1
2	2	2	2
1	1	1	2
1	1	2	1
2	2	1	2
2	1	1	2
1	1	1	1
3	2	1	2
1	3	1	1
1	1	1	1
2	1	1	2
2	2	2	1
1	1	1	1
1	1	1	1
1	1	2	1
1	1	1	1
1	1	1	1
1	1	1	1
1	1	0	1
1	2	1	1
1	2	2	2
1	1	0	1
0	2	2	0
2	1	1	2
1	1	1	1
1	1	1	1
1	2	2	2
2	1	1	2
1	2	1	1
1	1	1	1
1	1	1	1
1	1	0	1
0	1	1	0
1	1	1	1
4	4	3	5
1	1	1	1
1	1	1	0
3	2	3	3
1	1	2	1
1	1	1	1
1	2	1	1
1	1	1	1
1	1	1	1
1	1	1	1
1	3	2	1
1	1	1	1
2	1	2	2
1	1	1	1
0	1	1	0
2	1	2	1
1	1	0	1
1	2	1	2
0	1	1	0
1	1	1	1
1	1	1	1
0	1	1	0
2	2	2	2
1	1	1	2
2	1	1	2
1	1	1	1
0	1	2	0
1	1	1	1
0	2	2	0
0	2	1	0
1	1	1	1
3	6	4	4
1	1	1	1
1	2	2	1
0	5	1	1
1	1	1	2
2	2	0	2
1	1	1	1
1	1	1	1
0	2	1	0
0	1	0	1
1	1	1	1
1	1	1	1
1	1	1	1
4	3	2	4
1	1	1	1
1	1	1	1
1	1	1	1
1	1	1	2
1	1	1	1
4	4	3	4
1	1	1	1
2	1	1	2
2	1	1	2
1	1	1	1
1	1	1	2
2	1	1	3
1	2	0	1
2	1	1	2
1	1	1	1
0	12	1	0
0	1	1	0
1	1	1	1
2	2	2	1
2	2	2	2
5	5	3	5
1	5	2	1
2	3	2	2
1	2	1	1
2	1	1	2
1	1	1	1
0	1	1	0
1	1	1	1
1	1	0	1
2	1	1	1
1	1	1	1
1	2	1	1
1	1	1	1
0	1	1	0
1	1	1	1
0	1	1	0
1	1	1	1
1	1	1	1
1	1	1	1
1	1	1	1
1	1	0	1
1	1	1	1
1	1	1	1
1	1	1	1
0	1	4	0
1	1	2	2
0	1	1	1
1	1	1	1
2	1	1	2
3	2	2	3
1	1	0	1
1	1	1	1
1	1	1	1
1	1	0	1
1	1	1	1
2	2	2	2
1	1	1	1
1	1	1	1
1	1	1	1
1	1	1	1
1	1	1	1
0	1	2	1
2	1	1	1
1	3	1	1
1	1	1	1
4	3	3	4
2	1	1	1
2	1	1	2
2	1	1	1
3	3	2	3
2	1	1	1
1	1	1	1
1	1	1	1
2	2	2	2
1	1	0	1
2	1	2	2
2	1	1	2
1	1	1	1
5	1	4	3
1	1	1	1
0	1	1	0
2	1	1	1
1	1	1	1
2	1	1	1
1	1	1	1
1	1	1	1
2	2	2	2
1	1	0	1
1	2	1	1
2	2	1	2
1	1	1	1
1	2	1	1
1	1	1	1
1	1	1	1
2	3	1	2
1	1	1	1
0	1	0	3
1	1	1	1
3	1	1	3
1	2	2	1
1	1	1	1
1	5	1	6
0	1	1	0
3	1	1	3
1	1	1	1
1	1	1	1
2	1	1	2
1	1	1	2
2	3	2	2
2	2	2	3
2	1	1	2
1	1	1	1
1	1	1	1
0	1	1	0
1	2	1	1
0	1	0	2
0	1	1	0
1	1	1	1
1	3	4	2
2	2	2	1
1	1	2	1
1	1	1	1
1	1	1	1
1	1	1	1
1	1	0	0
1	1	0	22
2	1	1	3
1	1	2	1
1	2	1	1
0	1	1	0
4	3	3	4
1	1	1	1
1	1	1	1
1	2	2	1
1	1	0	1
1	1	1	2
1	1	1	1
2	2	2	3
1	1	1	1
0	1	1	0
0	1	1	0
1	1	2	1
1	1	0	1
2	1	0	2
2	1	1	2
1	1	1	1
1	1	1	1
0	1	1	1
1	1	0	1
2	1	1	1
1	1	1	1
1	1	1	1
7	3	2	7
1	1	1	1
1	2	1	1
1	1	1	1
1	2	2	2
1	1	1	1
1	1	1	1
1	1	1	1
1	1	1	1
1	1	1	1
1	1	1	1
1	1	1	1
1	1	1	0
0	1	1	0
1	1	1	1
1	1	1	1
2	1	1	1
1	1	1	1
1	1	0	1
1	1	1	1
1	1	1	0
2	1	1	2
1	1	1	1
1	1	0	1
1	1	1	1
1	1	1	1
1	1	0	1
2	1	1	2
1	1	1	1
1	1	1	1
1	2	2	1
1	1	1	2
1	1	1	1
1	1	1	1
1	1	1	1
0	1	1	0
0	1	1	0
1	1	1	1
1	1	1	1
1	1	0	1
2	1	1	2
2	1	2	2
3	2	2	2
1	1	1	1
1	1	1	1
3	2	3	3
2	3	2	2
1	1	1	1
0	2	1	0
1	1	0	1
1	1	1	1
0	2	1	0
1	1	0	1
2	1	0	2
1	1	1	1
1	1	1	1
0	1	2	0
1	2	1	2
1	1	1	1
1	1	1	1
1	1	1	1
1	1	1	1
1	1	1	1
0	1	1	0
1	1	1	1
1	1	1	1
2	1	0	2
0	1	1	0
1	1	1	1
2	2	2	2
1	1	2	1
1	1	1	1
1	1	0	1
2	2	2	2
1	1	1	2
1	1	1	1
1	1	1	1
1	1	1	1
1	1	1	1
1	1	1	2
1	2	1	1
1	1	1	1
1	1	1	1
0	1	1	0
1	1	1	1
2	2	2	2
2	1	1	2
1	2	1	1
1	1	1	1
0	1	1	0
1	1	1	1
2	1	1	2
2	1	1	2
2	2	2	2
1	1	1	1
1	1	1	1
1	1	1	1
1	1	1	1
1	1	1	1
1	1	0	2
1	2	1	1
1	1	1	1
2	1	1	1
1	1	1	1
1	2	1	1
0	1	1	0
1	1	1	1
2	2	1	1
1	1	1	1
1	1	1	1
1	1	1	1
1	2	1	1
1	1	1	1
2	2	2	2
1	1	0	1
0	1	1	1
3	2	1	3
1	1	0	1
1	1	0	1
1	1	1	1
1	1	1	1
1	2	2	1
1	4	2	1
1	1	1	1
1	1	1	1
3	1	1	1
2	2	2	2
1	1	0	1
1	1	1	1
1	1	1	1
1	1	1	1
2	1	1	1
1	1	1	1
1	1	1	1
3	3	2	6
1	1	0	1
1	1	1	1
2	1	1	1
2	1	0	1
2	1	1	5
0	1	2	2
2	1	1	1
1	3	2	1
0	1	2	0
1	1	1	1
3	1	1	3
3	3	3	2
0	1	1	0
1	1	3	1
1	2	2	1
0	1	1	1
0	1	1	1
7	5	5	7
1	1	1	1
1	1	3	1
1	1	1	1
1	1	1	1
2	1	1	1
1	1	1	1
0	1	1	0
1	1	1	1
2	2	2	2
1	1	1	1
1	1	1	1
1	1	1	1
3	4	4	4
2	1	2	2
3	2	2	2
2	1	0	2
0	1	1	1
2	1	0	3
1	2	1	1
2	3	2	3
1	1	1	1
0	1	1	0
2	1	1	2
2	1	1	2
1	1	1	1
1	1	1	1
1	1	2	1
2	2	2	4
2	1	1	2
0	1	1	0
3	3	2	3
1	1	1	1
1	1	3	1
1	1	1	1
0	1	1	0
7	15	10	8
1	1	1	1
1	1	1	1
1	1	1	1
1	1	1	1
0	1	1	0
1	1	5	1
1	1	0	1
0	1	1	0
1	1	1	1
1	1	0	1
1	1	1	1
1	1	1	1
3	1	2	2
2	3	1	2
1	1	1	1
1	2	2	1
1	1	1	1
1	1	1	1
1	1	1	1
1	1	1	1
2	1	1	2
0	1	2	0
1	2	0	1
1	1	1	1
1	2	1	1
1	1	1	1
1	1	1	1
2	1	1	1
1	1	1	1
0	1	0	1
2	1	1	2
1	2	1	0
1	1	1	1
1	1	1	1
1	4	1	1
1	1	1	1
1	1	1	1
0	1	1	0
1	1	1	1
1	1	1	1
2	2	2	2
1	2	4	1
3	1	0	2
1	1	1	1
0	1	1	1
1	1	1	1
2	1	1	2
1	1	1	1
1	1	1	1
1	1	1	1
0	1	1	0
1	2	1	1
0	1	1	0
1	1	1	1
1	1	1	1
1	1	2	1
1	1	1	1
1	2	1	1
1	1	0	1
1	1	1	1
2	2	2	2
1	1	1	1
1	1	1	1
1	1	1	2
2	1	0	2
1	1	1	1
1	1	1	1
1	1	1	1
1	1	0	1
1	1	0	1
1	1	1	1
0	1	1	0
1	1	1	1
1	2	1	1
1	1	1	1
1	1	1	1
3	2	2	1
1	1	0	1
2	4	1	2
1	1	1	1
4	3	2	5
1	1	1	1
1	1	2	1
1	1	0	1
5	6	5	5
0	1	3	0
1	1	1	1
1	1	1	1
2	2	2	2
6	8	4	6
2	2	2	2
1	2	1	1
1	1	2	1
1	1	1	1
1	1	1	1
1	1	1	1
1	2	1	2
0	1	1	0
1	1	1	1
1	1	0	1
1	1	1	2
2	1	1	3
0	1	1	0
2	1	1	2
1	2	1	1
1	1	1	2
1	1	1	1
1	1	2	1
1	1	1	1
1	1	1	1
3	1	2	3
4	2	2	3
1	1	1	1
1	1	1	1
2	1	1	1
1	1	1	1
2	1	1	1
1	1	1	1
1	2	1	1
1	1	0	1
3	1	1	3
1	1	1	1
2	3	4	1
1	1	1	1
1	1	1	1
1	1	1	1
2	1	1	2
1	1	1	1
1	1	2	1
0	1	1	0
2	1	0	2
1	1	0	1
1	1	1	1
2	2	1	2
0	1	2	0
1	1	1	1
2	1	1	3
1	1	1	1
1	1	1	1
0	2	2	0
1	1	1	1
2	2	1	2
2	1	1	2
1	1	1	1
1	1	1	1
1	1	1	1
1	1	1	1
1	1	1	1
1	2	1	1
1	1	2	1
2	1	1	2
0	1	1	0
2	1	1	1
1	1	1	1
2	2	0	3
2	7	2	2
0	1	1	0
1	1	1	1
2	1	1	2
2	1	1	2
1	1	0	1
2	2	2	2
1	1	1	1
1	1	1	1
1	1	0	1
1	1	1	1
2	1	1	2
0	1	1	0
6	2	1	3
1	2	1	2
1	2	1	1
1	1	1	1
1	1	1	1
2	4	2	2
2	1	1	2
1	1	2	1
4	2	1	5
0	1	1	1
2	1	0	2
2	1	1	2
1	1	1	1
0	1	2	2
1	1	1	1
3	1	0	3
1	2	2	1
2	1	1	2
1	1	2	1
2	1	2	2
1	1	1	1
2	1	1	2
7	2	2	7
1	1	1	1
1	1	1	2
2	1	1	1
2	2	2	2
1	2	2	3
0	1	1	0
1	1	1	1
2	1	2	2
1	1	1	1
2	1	1	2
2	2	2	2
1	1	1	1
1	1	1	1
1	3	1	1
1	1	1	1
1	1	1	1
0	3	1	0
2	1	1	2
1	1	1	1
1	1	1	1
1	1	1	1
1	1	1	1
1	1	1	1
2	1	1	2
1	1	1	1
1	1	1	1
1	1	0	1
1	1	1	1
2	1	0	2
0	1	1	0
1	1	1	1
2	1	0	1
1	1	1	1
3	3	2	3
1	1	2	1
2	1	1	2
1	1	1	1
1	1	1	1
1	1	1	1
1	1	1	1
1	1	1	1
2	1	1	2
1	1	1	1
1	2	1	1
1	1	1	1
1	1	1	1
1	2	1	1
1	1	1	1
1	1	0	1
1	1	1	2
2	1	1	2
2	1	1	2
1	1	1	1
3	2	2	3
1	1	1	1
1	1	1	1
1	1	0	1
2	2	2	2
2	2	1	2
1	1	1	1
1	1	1	1
1	2	2	1
1	2	2	2
1	1	1	1
1	1	1	1
1	1	1	1
1	1	1	1
1	1	1	1
1	1	0	1
0	1	1	0
1	1	1	1
0	1	1	0
4	1	1	3
0	1	1	0
1	1	1	1
1	2	1	2
1	1	1	1
1	1	1	1
1	1	1	1
1	1	1	1
0	1	1	0
0	1	1	0
2	1	1	2
1	2	1	2
2	2	1	2
2	1	1	1
1	1	1	1
1	1	1	1
1	1	0	1
1	1	1	1
1	1	1	1
1	1	1	1
1	1	0	2
0	1	1	0
1	1	0	1
0	1	1	0
1	1	1	1
2	2	1	4
1	1	1	1
1	1	1	2
4	1	1	3
1	1	1	1
1	1	0	1
1	1	1	1
1	1	1	1
3	2	2	3
1	1	1	1
1	1	0	1
1	1	1	1
3	1	0	2
1	1	1	1
1	1	0	1
1	1	1	1
4	2	2	4
1	1	0	0
2	1	1	2
0	1	0	1
2	1	1	1
1	1	1	1
1	1	1	1
1	1	2	1
0	8	4	0
1	1	1	1
2	1	1	1
3	2	2	3
0	1	1	0
3	1	1	4
1	1	1	1
4	3	2	4
2	2	1	1
1	1	1	1
1	1	1	1
1	1	1	1
1	1	0	2
1	1	0	1
2	1	1	1
2	1	1	2
1	3	1	2
1	1	1	1
1	2	1	1
1	1	1	1
1	1	1	1
2	2	2	2
1	1	1	1
4	1	1	3
1	1	1	1
1	2	1	1
1	1	1	1
1	2	1	1
1	1	1	1
0	1	1	0
1	1	2	1
2	2	2	2
1	1	1	1
1	1	1	1
1	1	1	1
1	1	0	1
0	4	1	0
1	1	2	1
2	1	1	3
1	1	1	1
1	1	1	1
1	1	1	1
0	1	1	0
2	1	1	2
2	1	1	1
1	1	1	1
3	2	2	3
0	1	1	0
1	1	0	1
1	1	0	2
1	1	1	1
1	2	0	1
1	1	1	1
2	1	1	3
3	2	1	3
2	3	1	2
1	1	1	1
1	1	0	1
0	1	1	0
1	1	1	1
1	1	1	1
0	1	1	0
1	1	2	1
1	1	1	1
2	1	0	2
1	1	1	1
2	2	1	2
2	2	1	4
1	1	1	1
3	2	1	3
0	2	2	0
1	2	2	1
3	2	1	3
1	2	1	1
1	1	1	1
1	1	1	1
1	1	1	1
1	1	1	1
1	1	1	1
1	1	1	1
1	1	1	2
1	1	0	1
2	1	1	2
1	1	1	1
1	1	1	1
13	13	9	12
1	1	1	1
1	1	1	1
0	1	1	0
2	1	1	2
0	1	1	0
1	1	1	1
1	1	1	1
0	1	1	0
2	2	1	2
2	2	2	2
1	1	1	1
1	1	1	1
1	1	1	1
1	1	0	1
0	9	2	0
1	1	1	1
8	6	4	7
1	1	1	1
1	2	2	1
0	1	1	0
1	1	1	1
1	1	1	1
1	2	1	1
1	1	2	1
5	2	2	3
1	1	1	1
1	2	1	2
1	1	1	1
3	2	2	1
1	1	1	1
1	1	1	1
2	1	1	2
2	1	1	2
1	2	1	0
1	1	1	1
2	2	2	2
1	1	1	1
2	1	1	2
2	1	0	1
1	2	1	1
1	1	0	1
1	2	1	1
1	1	1	1
5	3	4	5
1	1	0	1
1	1	0	2
1	1	1	1
3	3	1	5
2	1	1	2
1	1	1	1
1	1	1	1
2	3	4	2
1	1	1	1
1	1	0	1
0	1	2	0
0	1	2	0
1	1	1	1
1	1	1	1
1	1	1	1
1	1	1	1
1	2	1	1
0	1	1	0
1	1	1	1
2	1	1	2
1	1	1	1
2	1	1	2
2	1	1	3
2	1	1	2
0	1	1	0
0	1	1	0
1	1	1	1
1	1	1	1
1	1	1	1
1	1	1	1
1	1	1	1
4	1	1	3
1	2	2	1
1	1	1	1
2	1	1	2
1	1	1	1
1	2	0	1
3	2	1	3
1	1	1	1
1	1	1	1
0	1	1	0
1	2	1	1
1	1	1	1
2	1	0	1
1	1	1	1
1	1	1	1
1	1	1	1
1	1	1	1
1	1	1	2
2	2	2	2
1	1	1	1
1	1	1	1
1	2	2	1
1	1	1	1
3	4	1	0
1	1	0	1
1	1	1	1
1	1	1	1
1	2	1	1
1	1	1	1
2	1	1	2
2	3	1	5
0	2	1	0
0	1	0	1
1	1	1	1
1	1	1	1
1	1	1	1
1	2	2	1
3	1	1	3
2	1	1	2
1	1	1	1
1	1	1	1
1	2	2	2
1	1	1	1
1	1	1	1
1	1	2	1
0	1	0	1
1	1	2	1
1	1	1	1
1	1	1	1
1	1	1	2
1	2	1	1
1	1	1	1
1	2	2	1
0	2	1	0
2	1	1	2
1	1	1	1
1	1	1	2
1	2	1	1
1	1	1	1
2	1	2	2
2	1	2	3
1	1	1	1
1	1	1	1
1	1	1	1
1	1	0	1
2	1	1	1
4	2	2	3
1	1	1	1
1	1	0	1
1	1	1	1
1	1	1	1
1	1	1	1
1	1	1	2
2	1	1	2
2	1	1	2
0	1	1	0
2	1	1	2
1	1	1	1
0	1	1	0
2	1	1	1
1	1	1	1
1	1	1	1
2	2	2	2
1	1	1	1
1	1	1	1
1	2	1	1
1	1	1	1
2	2	2	2
1	1	1	1
2	2	2	2
1	1	1	1
1	1	1	3
1	1	1	1
3	1	1	2
1	1	1	1
0	1	1	0
1	1	1	1
1	1	0	1
0	2	1	1
1	1	1	0
15	16	12	15
1	1	1	1
2	2	1	3
2	1	1	2
1	2	1	1
1	1	0	1
1	1	1	1
2	1	3	2
3	2	0	3
1	1	1	1
1	1	1	1
1	1	1	1
1	1	1	1
1	1	1	1
1	1	0	1
1	1	1	1
3	2	1	3
16	14	13	16
2	1	1	2
1	1	1	1
1	1	2	1
3	3	0	1
1	1	1	1
5	3	4	3
1	1	1	2
0	1	1	0
1	1	2	1
2	3	0	2
2	1	1	2
5	2	1	4
1	1	1	1
1	1	1	1
2	2	1	2
1	1	1	1
1	2	1	1
0	1	1	0
1	1	1	1
2	1	1	1
0	1	1	0
2	1	1	2
1	1	1	1
5	1	1	5
2	3	1	2
1	1	0	1
2	1	1	2
1	2	1	2
2	1	1	2
1	1	0	1
1	1	1	1
0	2	1	0
2	1	1	3
1	1	1	1
2	1	2	2
1	1	1	1
1	1	1	1
1	1	1	2
1	1	1	1
1	1	1	1
0	1	1	1
1	1	1	1
1	1	1	1
1	1	1	1
1	1	1	1
1	1	1	1
2	2	1	2
0	3	1	0
1	5	2	4
3	1	1	2
1	1	1	1
1	1	1	1
2	2	1	2
1	1	1	1
1	1	1	1
0	1	0	1
1	2	2	1
1	1	1	1
1	1	1	1
0	2	2	0
1	3	1	1
4	1	1	2
1	1	1	1
1	2	2	2
1	1	1	1
8	7	6	8
1	1	1	1
1	2	2	1
1	2	0	1
1	2	1	1
1	1	0	1
1	1	1	2
1	1	1	1
1	1	1	1
1	1	1	1
2	2	2	2
3	2	2	2
1	2	1	1
1	2	1	1
1	1	1	1
2	1	1	2
3	3	3	3
1	1	1	1
1	1	1	1
2	2	2	3
1	1	0	1
2	1	1	2
1	2	2	1
1	1	0	1
2	1	1	3
2	1	1	2
1	1	1	2
1	1	1	1
2	1	1	2
2	2	2	3
1	2	0	1
4	3	2	4
1	1	1	1
1	1	1	1
2	1	1	2
5	3	3	5
3	1	1	3
1	1	1	1
4	3	1	1
1	1	1	1
0	1	1	0
1	1	1	1
1	1	1	1
0	1	1	0
5	3	2	5
1	1	1	1
1	1	1	1
1	1	1	1
1	1	1	1
0	1	1	0
0	1	1	0
2	2	2	2
1	1	1	1
0	1	1	0
1	1	1	1
3	1	2	1
1	1	1	1
1	1	1	1
3	1	1	1
1	1	1	1
3	1	1	1
1	1	1	1
1	1	1	1
1	1	1	1
1	1	1	1
2	2	1	2
0	1	1	0
2	1	1	2
0	1	1	0
1	1	1	1
1	1	0	3
1	1	1	1
1	1	1	1
1	1	0	1
6	1	6	8
0	1	1	0
2	1	1	2
1	1	1	1
0	1	1	0
3	2	1	3
2	1	1	1
1	1	1	1
1	1	2	1
1	2	2	1
2	1	1	1
1	1	1	1
1	1	0	0
1	1	1	1
1	1	1	1
0	1	0	1
1	1	1	1
1	1	1	1
1	1	1	1
2	1	1	2
1	1	1	2
2	1	3	2
0	1	2	1
3	3	3	3
2	1	1	1
1	1	2	1
1	1	1	1
1	1	1	1
1	1	1	1
1	1	0	1
2	1	1	2
1	1	1	1
3	2	2	2
1	2	1	1
1	1	2	1
1	1	1	1
2	1	1	2
1	1	1	1
1	1	1	1
2	1	1	1
3	3	2	4
1	1	1	1
1	1	0	1
1	1	1	1
1	1	0	1
1	1	0	1
1	1	1	1
0	1	1	0
5	5	1	5
1	1	1	1
1	1	1	1
3	2	1	2
4	2	0	3
1	1	1	1
1	1	1	1
2	1	1	2
2	5	1	2
1	1	1	1
2	1	0	2
1	2	1	1
1	1	1	2
1	1	1	1
1	1	1	1
0	1	1	0
1	1	1	1
1	2	1	1
1	1	1	1
1	1	1	1
1	1	1	1
1	1	1	1
1	1	1	1
2	1	0	2
1	1	2	1
1	1	1	1
1	1	1	1
3	2	1	2
0	1	1	0
2	1	1	2
1	1	1	1
1	1	1	1
1	1	1	1
0	1	1	0
2	1	2	2
1	1	1	1
4	5	4	4
1	1	0	1
1	1	1	1
1	1	1	1
1	1	0	1
2	1	1	2
1	1	0	1
0	1	0	1
1	1	0	2
2	1	1	2
1	1	1	1
1	1	0	2
2	1	1	2
1	1	1	1
1	1	1	1
1	1	1	1
2	2	2	1
1	1	0	1
2	2	1	2
0	1	1	0
1	1	1	1
1	4	1	1
2	2	1	2
1	1	1	1
1	1	1	1
2	1	1	2
1	1	1	1
1	1	1	0
1	1	1	1
1	1	1	1
1	1	1	1
1	2	1	1
0	1	1	0
2	1	1	2
1	1	2	1
1	1	1	1
1	1	1	1
2	1	1	3
1	1	1	1
1	1	1	1
2	2	1	2
2	1	1	1
1	1	1	1
1	1	1	1
1	1	1	1
1	1	1	1
1	1	1	1
1	1	1	1
0	1	1	0
2	1	1	1
1	1	0	0
1	1	1	1
4	2	2	4
1	1	0	1
2	2	1	2
1	1	1	2
1	1	1	1
2	1	1	2
3	2	2	5
1	1	1	1
1	1	1	1
1	1	1	1
1	2	1	1
1	2	1	1
2	1	1	2
1	1	1	1
1	1	1	1
1	1	1	1
1	1	0	1
2	1	1	2
2	3	1	2
1	1	1	1
1	1	1	2
3	2	1	3
2	1	1	1
0	1	1	0
2	1	1	1
1	1	2	0
1	2	1	1
1	1	1	1
2	2	1	2
1	1	1	1
0	1	1	0
1	4	2	2
0	1	1	0
1	1	1	1
1	1	1	1
1	1	2	1
2	1	2	2
1	1	1	1
2	1	1	2
1	1	1	1
3	2	2	2
3	2	1	3
1	1	1	1
2	2	2	2
1	1	1	0
0	1	2	0
1	1	2	1
2	1	1	1
1	1	1	1
0	1	1	2
1	1	1	1
2	1	1	2
1	1	1	1
1	1	1	1
1	1	0	1
1	1	1	1
1	1	1	1
2	2	0	1
0	1	1	0
3	1	1	2
1	1	2	1
2	2	1	2
1	1	1	1
2	1	1	2
3	4	4	3
0	1	1	0
1	1	0	1
0	1	1	0
1	1	1	1
1	1	1	1
1	1	2	1
1	1	2	1
1	1	1	1
2	2	2	2
1	2	0	1
3	2	1	3
1	1	1	1
1	1	2	1
2	1	0	1
0	1	1	0
2	1	1	2
2	1	1	2
3	2	2	3
1	1	1	1
0	1	0	1
1	3	0	5
0	1	1	0
3	1	3	2
1	1	0	1
2	2	2	2
2	2	1	2
1	1	1	1
1	1	1	1
1	1	0	1
3	2	1	5
2	2	1	2
1	1	3	1
0	1	1	0
1	1	1	1
1	1	1	1
1	1	1	1
2	3	3	2
1	1	1	1
3	2	1	3
3	2	2	3
1	1	1	1
1	2	2	1
1	2	1	1
1	2	1	1
1	1	1	1
1	1	1	1
1	1	1	1
1	2	1	0
1	1	1	1
1	1	0	1
2	2	2	2
1	1	1	1
2	1	1	1
0	1	1	0
1	2	2	1
0	1	1	1
1	2	1	1
1	1	1	1
1	2	2	1
1	1	1	1
1	1	1	1
1	1	1	1
2	1	0	2
2	1	1	2
2	1	1	2
1	2	1	1
1	1	2	1
1	1	1	1
1	1	1	1
5	3	2	4
1	1	1	1
1	2	2	1
0	1	1	0
1	1	1	2
1	1	1	1
1	1	1	2
1	1	1	1
4	3	3	4
9	5	2	8
1	1	0	0
1	1	1	1
4	6	4	3
1	1	1	1
1	1	1	1
2	1	1	2
0	2	2	0
1	1	1	1
1	1	0	1
1	1	0	1
1	1	1	1
1	2	1	1
1	1	1	1
2	3	3	3
1	1	2	2
1	1	1	1
3	2	2	2
1	1	1	1
4	2	2	4
1	1	1	1
1	1	1	1
1	1	0	1
1	1	0	1
1	1	3	1
2	2	1	2
1	1	1	1
0	1	1	0
1	1	1	1
1	1	1	1
2	2	2	2
1	1	1	1
1	1	1	1
3	2	2	3
1	1	1	1
2	2	2	2
0	1	1	0
7	12	5	5
0	2	2	0
1	1	1	1
2	1	2	2
0	1	1	2
0	1	1	0
0	1	1	0
0	5	1	0
1	1	1	1
2	1	0	1
1	1	1	1
1	1	1	1
1	1	2	1
2	2	2	2
1	1	1	1
2	1	2	1
2	1	1	2
1	1	1	1
2	1	0	2
1	1	0	1
1	1	1	1
1	1	1	2
2	2	1	2
1	1	0	1
1	1	1	1
2	1	1	1
1	1	1	1
1	1	1	1
3	2	2	3
1	1	1	1
1	2	1	1
0	1	1	0
1	1	0	1
2	1	2	2
1	1	0	1
2	1	1	1
1	1	1	1
1	3	1	1
3	2	2	3
2	1	1	2
1	1	1	1
1	1	1	1
1	1	0	1
0	1	1	0
1	1	1	1
1	1	0	0
1	1	1	0
1	1	0	1
1	1	1	1
1	1	1	1
1	1	1	1
2	1	2	1
1	1	1	1
1	3	0	2
2	1	1	2
0	1	1	0
0	1	1	0
2	2	2	1
1	2	1	1
1	1	1	1
3	1	1	2
2	2	2	2
1	1	1	1
1	1	1	1
1	1	1	2
1	1	1	1
1	1	1	1
2	1	1	2
1	2	1	1
2	1	1	1
2	2	1	3
1	1	1	1
1	1	1	1
1	1	1	1
2	1	1	1
1	1	1	1
1	1	1	1
4	3	1	4
1	2	2	1
1	1	1	1
2	1	1	2
1	1	1	1
1	1	1	1
3	1	1	3
1	2	2	1
1	1	1	1
1	1	1	1
1	1	1	1
2	2	1	3
1	1	1	1
1	1	1	2
2	1	1	1
1	1	2	1
1	1	0	1
1	1	1	1
2	1	1	2
1	3	1	1
3	1	2	2
1	1	1	1
1	1	1	1
2	2	1	2
1	1	1	2
1	1	0	1
1	1	0	1
0	1	2	0
2	2	2	2
1	1	1	1
1	1	1	1
1	1	1	1
0	1	1	0
1	1	0	1
0	1	1	0
0	3	0	1
1	1	1	1
1	1	1	1
1	1	0	1
1	2	1	1
0	1	1	0
0	1	0	1
1	1	1	1
0	1	1	0
2	2	2	2
2	2	1	2
0	1	1	0
2	1	1	1
2	1	1	2
1	1	1	1
1	3	1	1
1	1	1	1
0	1	1	1
1	2	1	1
0	1	1	1
1	1	1	1
1	1	1	1
1	1	1	1
1	1	1	1
1	1	1	1
3	2	1	2
1	1	1	1
2	2	1	2
1	1	1	1
1	1	0	1
0	1	1	0
1	1	1	1
1	1	0	1
1	1	1	1
1	1	0	1
0	1	1	0
2	2	2	2
1	1	0	1
3	1	1	3
0	1	1	0
1	1	1	1
1	2	1	1
1	1	1	1
1	1	1	1
2	2	2	2
3	3	2	3
1	2	1	1
0	1	1	0
2	1	1	2
4	4	3	4
1	1	0	1
2	1	1	2
1	1	1	1
2	4	2	2
1	1	1	1
1	1	0	1
2	1	1	2
1	1	1	1
0	1	2	2
1	2	1	1
1	1	1	1
2	2	1	1
1	1	1	1
1	1	0	1
0	1	1	0
0	1	1	0
1	1	1	1
1	1	1	1
7	8	4	9
2	1	0	3
1	1	2	1
3	1	2	3
1	1	1	1
2	2	1	2
1	1	0	1
2	2	1	2
2	1	1	1
1	2	1	1
1	1	1	1
3	2	1	3
1	1	1	1
1	1	1	1
1	1	1	1
2	2	1	2
1	1	1	1
2	2	2	2
1	1	1	1
2	1	1	1
2	2	2	2
1	2	1	1
1	1	1	1
1	1	1	1
1	1	1	1
1	1	2	1
1	1	0	1
2	1	1	1
1	1	1	1
1	1	2	1
1	1	1	1
1	1	1	1
1	1	1	1
1	1	0	1
2	1	1	3
1	1	1	2
0	1	1	0
1	1	1	1
1	1	1	1
0	1	1	0
2	2	2	2
2	1	1	1
1	1	1	1
2	1	1	4
1	1	1	2
1	1	1	1
1	1	1	2
1	1	1	1
1	1	1	1
1	1	1	1
1	1	1	1
1	1	1	1
2	1	0	1
3	2	2	3
3	4	0	3
1	1	1	1
2	2	0	2
0	1	1	0
1	1	3	1
1	1	1	1
1	1	1	1
1	1	1	1
0	1	2	0
9	4	3	9
1	1	1	1
1	1	1	1
0	1	1	0
1	1	1	1
1	1	1	1
0	4	1	0
1	1	1	1
3	3	2	2
0	1	1	0
1	2	1	1
1	1	1	1
1	1	1	1
2	1	1	2
1	1	1	1
2	1	1	1
2	1	1	1
1	1	1	1
0	1	1	0
1	1	0	1
1	1	1	1
1	1	1	1
1	1	1	1
1	1	1	1
1	1	1	1
2	2	1	2
1	1	1	1
1	1	1	1
1	1	1	0
1	1	1	1
1	1	0	1
2	1	1	2
1	1	1	1
1	1	1	1
1	1	1	1
0	1	1	0
0	1	1	0
0	1	1	0
1	1	1	1
1	1	1	1
1	1	1	1
2	1	1	1
1	2	1	2
1	1	1	1
3	1	1	2
1	1	1	1
1	1	1	1
1	1	1	1
1	1	1	1
1	1	1	1
2	2	1	1
2	1	1	2
2	1	1	1
2	1	2	1
1	2	1	1
1	4	2	1
2	1	1	1
2	1	2	2
1	1	1	1
1	1	1	1
1	2	1	1
0	1	1	0
1	1	1	1
1	1	1	1
2	1	1	2
0	1	1	0
1	1	1	1
0	1	0	1
1	1	1	1
1	1	1	1
1	1	0	2
7	3	2	7
1	1	1	1
1	2	2	1
2	1	1	2
3	1	1	3
2	1	1	2
2	1	1	3
1	1	1	1
3	2	0	2
1	1	0	1
1	2	1	2
2	1	1	2
0	1	1	0
2	1	1	2
1	1	1	1
1	1	1	1
2	2	1	2
2	3	2	1
1	1	1	1
1	1	2	1
1	1	1	1
1	1	1	1
1	1	1	1
1	1	1	2
2	2	2	2
1	1	1	1
0	1	1	0
1	1	0	1
1	1	1	1
1	1	1	1
1	1	1	1
1	1	1	1
1	1	1	2
0	1	1	0
1	1	1	1
1	1	0	1
2	3	3	2
2	1	1	2
2	1	1	2
1	4	5	4
4	3	2	4
1	1	0	1
2	1	3	2
1	1	1	1
3	2	1	3
4	1	1	8
1	1	0	2
1	1	1	1
1	1	1	1
1	1	1	1
2	1	1	1
0	1	1	0
0	1	1	0
1	1	1	1
0	1	1	0
0	1	1	0
2	1	1	2
1	1	1	1
0	2	1	0
2	2	1	2
1	1	1	2
1	1	1	1
1	1	0	1
0	1	1	0
0	1	1	0
1	1	0	1
0	1	1	0
1	1	1	1
0	1	1	0
1	1	1	1
1	1	1	1
2	1	1	2
1	1	1	1
1	1	1	1
1	1	1	2
0	1	1	0
1	1	1	1
1	1	0	1
1	1	0	1
0	1	4	0
1	2	0	1
2	3	2	2
0	1	1	0
4	3	2	4
1	1	1	1
1	1	1	2
2	1	2	2
1	1	1	1
2	2	1	2
1	1	1	1
2	1	1	1
1	2	1	1
1	1	1	1
2	3	2	2
1	1	1	1
1	1	1	1
1	1	1	1
1	1	1	1
2	1	1	2
2	1	1	2
2	1	1	2
2	1	2	1
1	1	0	1
1	1	0	1
0	1	1	0
1	1	1	1
1	1	1	1
2	3	2	2
1	1	0	1
3	2	2	3
3	5	3	2
1	2	4	1
1	3	1	2
3	3	1	3
4	2	2	4
1	2	2	2
2	1	1	2
1	1	1	1
1	1	1	1
1	1	1	1
2	2	1	2
1	2	2	2
0	1	1	0
1	1	1	1
1	2	1	1
0	4	1	0
1	1	1	1
1	1	1	1
1	1	1	1
2	1	1	1
1	1	1	1
1	1	1	1
1	3	3	1
1	1	2	1
1	1	0	1
1	1	1	1
1	1	1	1
1	1	1	1
1	1	1	1
1	2	1	3
8	5	3	7
1	1	1	1
1	1	1	1
1	1	1	1
2	1	1	1
1	1	1	2
1	1	1	1
1	60	19	0
1	1	1	1
2	1	2	1
1	1	1	1
1	12	7	2
1	2	1	3
1	1	1	1
0	1	1	0
1	2	1	1
3	2	1	3
2	3	1	1
2	2	1	2
1	1	0	1
0	1	1	1
1	1	1	1
1	2	1	1
1	1	1	2
1	1	1	2
1	1	1	1
1	1	1	1
1	1	0	1
1	1	1	1
1	1	0	1
1	1	1	1
1	1	1	1
2	2	1	1
1	1	1	1
2	2	2	9
1	1	0	1
2	2	2	3
1	1	1	1
1	1	1	2
2	1	3	1
2	1	1	2
1	1	1	1
2	1	1	2
2	1	1	3
1	1	1	1
2	1	1	1
1	1	0	1
1	2	1	3
1	1	1	1
1	1	1	1
1	1	1	1
0	1	1	0
1	1	1	1
0	1	1	0
2	2	2	2
1	4	2	1
3	2	2	3
1	1	1	1
1	1	1	1
1	1	1	1
2	1	1	1
1	1	1	1
1	1	2	2
1	1	0	1
0	1	1	0
1	1	0	1
1	1	1	1
1	1	1	1
2	2	1	2
2	2	2	2
1	1	1	1
1	1	2	1
2	39	1	4
1	1	1	1
5	1	1	5
1	1	2	1
1	1	0	1
8	11	9	8
2	2	1	2
1	1	1	1
1	1	0	1
5	2	2	5
0	1	1	0
2	2	1	2
1	1	1	1
1	1	1	1
0	1	1	0
0	1	1	0
1	1	1	1
1	1	0	0
1	2	1	1
2	2	0	0
1	1	1	1
1	1	1	1
3	3	4	3
2	1	2	1
2	2	2	2
0	1	1	0
0	1	0	1
2	1	0	2
1	1	1	1
1	1	1	1
2	2	2	2
1	1	0	1
2	1	1	2
1	1	1	1
1	1	2	1
0	1	1	0
1	1	1	1
1	1	1	1
1	1	1	1
1	1	1	1
2	3	2	3
1	1	1	1
1	1	1	1
1	1	1	1
1	1	1	1
1	1	1	1
1	1	1	1
1	1	0	1
3	2	1	3
1	1	0	1
0	1	1	0
3	1	2	3
0	1	1	0
2	1	1	1
0	1	1	0
0	1	1	0
1	1	1	1
0	2	1	0
1	1	1	3
1	2	2	1
1	1	1	0
1	1	1	1
1	4	1	1
1	1	1	1
1	1	1	1
5	3	2	5
1	1	1	1
1	1	1	1
3	1	1	1
1	1	1	1
1	1	1	1
1	1	1	1
1	1	1	1
1	1	1	1
1	1	1	1
1	2	2	1
1	3	0	1
1	1	0	1
2	1	1	2
1	1	1	1
1	1	1	1
1	1	1	1
2	1	1	2
3	1	1	2
2	1	1	2
2	1	1	2
1	1	1	2
0	3	2	0
1	1	1	1
1	1	1	1
1	1	0	1
2	1	1	2
2	2	2	2
0	1	1	0
2	1	1	2
1	1	1	2
1	1	1	1
1	1	1	1
1	1	0	1
1	1	1	1
1	1	1	1
1	1	1	1
1	2	2	1
2	2	1	2
1	1	2	1
1	1	0	1
1	1	1	1
0	1	1	1
1	1	1	1
2	3	1	1
1	1	1	1
2	1	1	2
1	1	1	1
1	1	1	1
2	1	2	2
2	2	1	3
2	1	0	2
2	1	1	1
1	1	1	1
1	1	1	1
2	1	1	2
1	1	1	1
1	2	2	2
1	1	1	1
1	1	1	1
2	2	1	2
1	1	2	1
1	1	1	1
1	1	1	1
2	1	1	2
1	1	1	1
1	2	1	1
3	1	1	3
1	1	1	1
2	1	1	1
3	1	1	3
1	1	1	1
1	1	1	1
1	2	1	1
1	1	1	1
1	1	1	1
1	1	1	1
3	1	1	3
3	2	2	3
1	1	1	1
0	1	1	0
1	1	1	1
1	1	0	3
1	1	1	1
0	1	1	0
1	2	1	1
1	1	1	1
0	1	0	1
0	2	1	1
1	1	1	1
1	1	1	2
1	1	1	1
1	1	1	1
2	1	1	2
3	2	1	3
1	1	1	1
2	1	1	1
1	1	2	1
1	1	1	1
2	1	1	2
1	1	0	1
2	3	1	1
1	1	1	1
1	1	1	1
1	2	2	1
1	1	0	1
3	2	2	3
1	2	1	1
1	1	1	1
3	2	3	3
1	1	1	1
1	1	1	1
1	1	1	1
1	2	1	1
1	1	1	1
1	1	2	1
1	1	1	1
1	1	1	1
0	1	1	0
3	4	2	4
0	1	2	0
1	1	1	1
1	1	1	1
2	1	1	2
1	1	1	1
1	1	1	1
2	2	1	2
3	7	0	4
2	3	3	2
1	1	1	1
1	1	1	1
1	1	1	1
1	1	2	1
1	1	1	1
1	1	1	1
0	1	1	1
1	1	1	1
2	2	2	2
9	10	7	10
1	1	1	1
2	1	1	1
1	1	2	1
1	1	1	1
1	1	1	1
2	1	1	2
0	2	1	0
1	1	0	1
1	1	0	1
1	1	1	1
1	1	1	1
1	2	1	2
1	1	1	1
1	1	1	1
1	1	1	1
0	1	1	0
1	1	0	0
1	2	0	1
1	1	1	1
0	1	1	1
1	1	1	1
1	1	1	1
2	1	1	1
2	1	1	2
1	1	1	1
1	1	1	1
1	1	0	1
0	2	1	0
1	1	1	1
1	1	1	1
2	1	1	2
1	1	1	1
1	1	1	1
0	2	2	0
0	1	1	1
2	2	2	2
1	1	1	1
0	1	1	0
1	1	1	1
2	1	1	2
1	2	1	1
1	1	1	1
1	1	1	1
1	1	1	1
1	1	1	1
1	1	1	1
2	2	2	2
0	1	1	0
2	1	1	1
1	1	1	1
3	5	1	3
1	1	1	1
1	2	2	1
1	1	0	1
2	1	1	1
1	2	1	1
2	1	1	2
0	2	1	2
2	1	1	3
1	6	4	6
3	1	1	3
1	1	1	1
2	1	1	2
2	6	2	4
0	1	1	0
1	2	1	1
1	1	1	1
0	1	1	0
7	56	0	23
1	2	0	1
1	1	1	1
1	1	1	1
4	2	1	3
1	1	1	1
0	1	1	0
1	1	1	2
3	3	2	3
1	1	1	1
1	1	1	1
3	4	3	3
2	2	2	3
2	1	0	2
1	1	1	1
1	2	1	1
1	1	1	1
1	1	1	1
2	1	1	2
1	1	0	1
1	2	1	1
3	2	2	3
1	1	1	1
1	1	1	1
1	1	1	1
1	1	1	1
1	2	2	1
1	2	1	1
1	1	1	2
1	3	1	2
1	1	1	1
1	2	1	1
1	1	1	1
1	1	1	1
1	1	2	1
1	1	1	1
1	1	1	2
1	1	1	1
2	2	1	2
2	1	1	1
1	1	1	1
1	1	2	1
2	1	1	2
2	2	1	2
0	1	1	0
0	1	1	0
1	1	1	1
1	1	1	1
1	1	1	3
2	2	2	2
1	1	1	1
1	1	1	1
1	2	1	1
1	1	1	1
1	1	1	1
7	15	11	6
1	1	1	2
1	1	1	1
5	4	1	5
0	1	1	0
2	1	1	3
2	1	1	2
3	2	1	3
1	2	0	1
1	1	0	1
2	1	0	2
1	1	1	1
1	1	2	1
2	1	1	2
2	2	2	2
2	2	2	3
0	1	1	1
2	1	1	1
1	1	1	1
2	1	1	2
0	7	3	0
1	1	1	1
3	1	1	2
1	1	1	1
1	1	1	1
1	1	1	1
1	1	1	1
1	1	1	1
1	1	1	1
1	1	1	1
1	1	0	1
1	1	1	1
1	2	1	1
3	2	2	3
2	1	1	2
1	1	0	1
1	1	1	1
1	1	1	1
1	1	1	1
0	1	1	0
2	1	1	2
4	4	1	6
1	1	0	0
1	2	2	1
1	1	1	1
0	1	1	0
0	1	1	0
0	1	1	0
1	1	1	2
1	1	1	1
1	1	1	1
2	1	1	2
2	2	2	2
1	1	0	1
1	1	1	1
1	1	0	1
1	1	1	1
0	1	1	0
0	1	1	1
1	1	0	1
1	1	0	1
1	1	1	1
3	1	1	1
1	1	1	1
1	1	1	1
3	3	2	2
1	1	1	1
1	1	1	1
1	1	1	1
2	3	2	2
0	1	1	0
1	1	1	1
2	4	1	2
1	1	1	1
2	1	1	2
0	5	1	0
1	1	1	1
2	1	1	2
1	1	1	1
1	1	1	2
1	1	1	1
4	7	5	8
1	1	1	1
1	1	1	1
1	1	1	1
1	1	1	1
1	1	1	1
1	1	1	2
2	1	1	2
1	1	1	1
1	1	1	1
1	2	1	1
1	2	2	1
2	3	2	2
1	1	1	1
1	1	2	1
1	1	1	1
0	1	1	0
2	3	3	2
1	1	1	1
2	1	1	2
1	1	1	1
0	2	1	0
1	1	1	1
1	1	1	1
1	1	1	1
2	2	2	2
4	3	3	4
1	1	1	1
1	1	1	1
2	1	1	2
1	2	1	1
0	4	2	0
1	1	1	1
1	1	0	1
0	1	1	0
0	1	1	0
1	1	1	1
1	1	1	2
1	1	1	2
2	1	1	2
1	1	0	1
1	1	1	1
2	1	2	2
2	3	2	2
1	1	1	1
1	1	1	1
1	1	1	1
1	1	1	1
2	1	1	2
1	1	1	1
1	1	1	1
0	1	2	0
1	1	1	1
0	1	1	0
1	1	0	1
1	6	1	1
1	1	1	1
1	1	1	1
1	1	1	1
1	1	1	1
1	1	1	1
1	1	1	2
1	1	1	2
2	2	2	2
1	1	1	1
0	1	1	0
1	1	2	1
0	12	1	0
1	1	1	2
1	1	1	1
3	2	2	3
1	1	1	1
0	1	1	0
1	1	1	1
1	1	2	1
3	2	2	3
3	1	1	3
1	1	1	1
3	2	2	4
1	1	1	1
0	3	0	1
1	1	1	1
3	1	1	3
1	1	1	1
5	3	3	4
1	4	1	1
1	1	1	1
2	2	2	2
1	1	1	1
1	1	0	1
0	1	1	0
1	1	2	1
1	1	1	1
0	1	0	1
2	1	1	2
1	1	0	1
2	1	1	2
2	1	0	2
1	1	1	1
2	1	1	2
2	1	1	2
0	2	1	0
1	1	1	1
3	2	1	3
1	1	1	1
1	1	0	1
1	1	0	1
2	1	1	2
1	1	1	1
3	4	3	3
1	1	1	1
1	1	1	1
0	1	1	0
2	1	1	1
2	1	1	2
1	1	0	1
1	1	1	1
1	1	1	1
1	1	1	1
0	1	1	0
1	2	1	1
1	1	0	1
1	1	0	1
3	3	2	3
1	1	1	1
0	1	1	0
1	1	1	1
1	1	1	1
1	1	1	1
1	1	1	1
1	1	1	1
2	1	1	2
1	1	0	3
0	1	2	0
1	1	1	1
1	1	1	1
1	1	1	1
3	2	2	4
1	1	1	1
0	1	1	0
1	1	1	1
1	1	1	1
0	1	1	0
1	2	2	1
1	1	1	1
1	1	0	1
1	1	1	1
1	1	1	1
2	2	1	2
1	1	1	1
1	1	1	1
1	1	1	1
0	2	1	0
1	1	1	1
2	1	1	2
1	1	1	1
1	1	1	1
1	1	1	1
1	1	1	1
1	1	1	1
1	1	1	1
1	1	1	1
1	1	0	1
2	2	2	2
1	2	1	1
8	4	4	8
1	1	1	1
0	1	1	0
1	1	1	1
1	1	1	1
2	2	2	2
4	3	1	3
1	1	0	1
1	1	0	2
2	2	2	2
2	1	1	2
0	1	1	0
0	4	0	1
1	1	1	1
1	1	1	1
1	1	2	1
1	1	1	1
0	1	1	0
1	1	1	1
1	3	2	1
1	1	1	1
2	2	1	2
0	2	1	0
1	1	1	1
1	1	0	1
2	1	1	1
2	1	0	2
0	1	1	0
1	1	0	1
1	1	1	1
1	1	1	1
3	3	2	3
1	1	2	1
2	2	2	2
2	1	1	2
2	1	0	2
2	2	2	2
1	1	1	1
2	2	2	2
3	4	3	3
2	1	1	2
1	1	1	1
3	1	0	2
2	2	2	2
2	1	1	1
1	1	1	1
1	1	1	1
1	1	0	1
0	1	0	1
3	1	1	3
2	2	3	2
1	1	1	1
1	1	1	1
1	1	2	1
3	1	1	3
1	3	2	2
1	1	1	1
1	1	1	1
2	1	2	1
3	1	1	3
2	5	2	2
1	2	1	1
1	1	1	1
1	1	1	1
1	1	1	1
1	1	1	1
2	1	1	2
1	2	1	1
1	1	1	1
3	1	1	3
0	1	1	0
2	1	1	2
2	1	1	3
1	1	1	1
1	1	1	1
1	2	1	1
1	1	1	2
1	1	0	1
1	1	1	1
1	1	1	1
0	24	6	0
3	2	2	2
1	1	1	2
1	1	0	1
1	1	0	1
1	1	1	1
1	1	1	1
1	1	1	1
1	1	1	1
1	1	1	1
1	2	1	1
1	1	1	1
1	1	0	1
1	1	1	1
1	1	0	1
2	3	2	2
1	1	1	1
2	1	1	2
1	1	1	1
2	1	2	2
1	1	1	2
1	1	1	1
2	1	0	1
2	1	1	2
2	2	2	2
2	1	1	1
0	2	1	0
2	2	2	2
1	1	1	1
1	1	1	1
1	2	1	1
1	1	1	1
1	1	1	1
1	1	1	1
1	1	1	1
1	1	2	4
1	1	1	1
0	1	1	0
1	1	1	1
1	1	1	1
1	1	1	1
1	1	1	1
1	1	1	1
1	1	1	1
2	1	1	2
1	1	1	1
1	1	1	1
2	1	1	2
2	1	1	1
2	2	2	2
10	14	20	13
1	1	0	1
1	1	1	1
1	1	1	1
1	1	0	1
1	1	1	0
1	2	1	2
0	1	1	0
1	1	1	1
1	1	1	1
1	1	1	1
0	1	1	0
2	3	2	2
1	1	1	1
1	1	1	1
1	1	1	1
1	1	1	1
1	1	0	1
1	1	1	1
1	1	1	1
1	1	0	1
1	1	1	1
1	2	1	1
1	1	1	1
3	3	3	3
1	1	1	1
1	1	1	1
1	2	1	1
2	1	1	2
6	4	3	6
1	1	1	1
3	2	2	2
1	1	1	1
1	1	0	1
1	1	1	1
2	1	1	1
2	1	1	1
1	1	1	1
5	4	4	3
3	1	1	2
1	1	1	1
1	1	0	1
1	1	1	1
2	2	1	1
1	1	1	1
2	1	1	2
1	3	7	1
2	1	1	2
1	1	1	1
1	1	1	1
1	1	0	1
2	3	2	2
1	1	1	1
2	2	2	2
2	1	1	2
1	1	1	1
1	1	1	1
1	1	1	1
1	1	0	1
2	1	1	2
1	1	0	1
1	1	1	1
1	1	1	1
1	1	2	1
0	1	1	0
0	1	1	0
1	1	1	1
1	1	1	1
1	1	1	1
1	1	1	1
1	1	8	1
1	1	1	1
1	1	2	1
1	1	1	2
1	1	1	2
4	3	3	3
1	1	2	1
2	1	0	2
1	1	0	1
1	4	1	1
2	1	1	2
1	2	1	1
1	1	1	1
0	1	1	0
1	1	1	1
1	1	1	1
1	1	1	1
1	1	1	1
2	1	2	2
4	25	10	9
0	1	1	0
3	1	2	4
0	2	1	0
1	1	1	1
1	1	1	1
2	1	1	2
0	1	2	0
1	1	0	1
0	1	2	0
1	1	1	1
3	3	2	3
5	3	3	5
1	1	1	1
2	2	3	2
1	1	1	1
1	1	2	3
1	1	1	1
1	1	1	1
3	1	0	1
1	2	2	1
1	2	2	1
3	1	1	3
1	1	0	1
1	1	0	1
1	1	1	1
1	1	1	1
2	1	0	2
1	2	1	1
1	1	0	1
1	1	1	1
2	2	1	2
1	1	1	1
1	1	1	1
1	2	1	1
1	1	1	1
2	1	2	3
1	1	1	1
1	1	1	1
1	1	1	1
1	1	1	1
1	1	1	1
2	1	1	2
1	1	1	1
1	1	1	1
0	1	1	0
0	3	2	0
1	1	1	1
0	1	1	0
1	1	0	1
0	1	1	0
1	1	1	1
0	1	1	0
1	1	1	1
1	1	1	1
1	1	1	1
1	1	1	1
1	1	1	1
0	1	1	0
2	1	1	2
1	1	1	1
1	1	1	1
1	1	1	1
2	1	1	2
1	1	2	1
0	1	1	0
2	2	2	2
3	2	1	3
2	1	1	1
11	14	10	11
0	1	1	0
1	2	1	1
1	1	0	1
1	1	1	1
1	1	0	1
2	1	1	2
1	1	1	1
1	1	1	1
1	2	1	5
1	1	1	1
2	1	1	2
2	1	1	2
1	1	1	1
0	1	1	0
1	1	1	1
1	1	1	1
1	6	2	2
1	2	1	1
0	1	1	1
1	1	1	1
1	1	1	1
1	1	1	2
1	1	1	1
1	1	1	1
1	1	0	1
1	2	1	1
1	3	1	1
1	1	1	1
1	1	1	1
0	1	1	0
2	2	1	2
0	1	1	0
0	1	1	0
2	4	2	2
1	1	1	1
0	1	1	1
0	1	0	1
2	2	2	2
1	1	1	1
1	2	2	1
1	1	1	1
1	1	1	1
1	1	2	1
2	1	0	1
1	1	1	1
1	1	1	2
1	1	1	1
1	1	1	1
1	1	1	1
2	2	2	2
1	1	1	1
1	1	1	1
0	1	2	0
3	8	7	2
1	1	1	1
1	1	1	1
4	2	1	3
1	1	1	1
1	1	1	1
3	1	1	3
2	1	1	2
2	2	1	2
1	1	1	1
2	1	1	2
1	1	1	1
1	1	1	1
0	1	1	0
5	2	1	5
3	3	3	3
1	1	1	1
1	1	1	1
1	1	0	1
0	1	1	0
0	1	1	0
0	1	1	0
1	1	1	1
1	1	1	1
2	2	2	2
1	1	1	1
1	1	1	1
1	2	1	1
1	1	1	1
0	1	1	0
2	1	1	2
1	2	2	1
1	1	2	1
2	1	1	1
3	1	0	3
1	1	1	1
1	1	1	1
2	1	0	2
1	1	1	1
1	1	1	1
0	2	1	0
1	1	0	1
1	1	1	1
1	1	1	1
1	1	1	1
2	1	1	2
1	1	1	1
1	1	2	1
1	1	0	1
0	1	1	0
1	1	0	1
1	1	1	1
2	1	2	2
1	1	1	1
1	1	1	1
0	1	1	0
1	1	1	1
8	5	3	8
1	1	1	1
1	1	2	1
1	1	1	1
1	1	1	1
1	2	1	1
1	2	2	1
2	2	1	2
1	1	1	1
1	1	1	1
1	1	2	2
1	1	1	1
3	2	2	3
1	1	0	1
1	1	1	1
1	1	0	1
4	2	1	4
1	1	1	1
3	2	2	3
1	1	1	1
2	1	1	2
1	1	1	1
1	1	1	1
1	1	0	1
1	1	1	1
2	1	1	2
1	1	0	1
1	1	1	1
1	1	0	1
1	1	0	1
1	1	1	1
2	1	0	2
1	1	0	1
1	1	1	1
0	1	1	0
1	1	1	2
1	1	1	1
1	2	1	1
1	1	1	1
2	1	1	2
1	1	1	1
1	1	1	1
0	1	1	0
1	1	1	1
1	1	1	1
1	1	1	1
1	1	1	1
1	1	1	1
1	1	1	2
1	1	0	1
1	1	0	1
1	1	1	1
2	2	2	2
0	1	1	1
10	9	7	12
3	1	1	2
1	2	1	1
1	1	1	1
1	1	1	1
1	1	1	1
1	1	1	1
0	1	1	0
1	1	1	1
1	1	4	1
2	1	1	2
1	1	1	1
1	1	1	1
0	1	1	0
1	1	1	1
2	1	2	2
2	1	1	1
1	1	1	1
1	1	1	1
1	1	0	1
1	1	1	1
1	1	1	1
1	1	1	2
1	2	1	1
2	1	1	1
1	1	1	1
1	1	1	1
0	3	1	0
0	1	1	0
1	1	1	3
5	2	2	5
1	1	1	1
2	1	1	1
3	2	2	3
1	1	1	1
1	1	1	1
2	1	1	2
2	1	0	2
1	2	1	1
2	1	1	2
2	4	0	0
1	1	2	1
1	1	0	1
2	2	1	2
1	1	1	1
1	1	1	1
0	2	1	0
3	1	1	2
2	1	1	2
0	1	1	0
1	1	1	0
1	1	1	2
1	1	0	1
2	2	1	2
1	1	1	2
2	1	1	2
2	1	2	1
1	2	2	2
1	1	1	1
2	1	1	2
1	1	1	1
1	1	1	1
2	3	1	4
1	2	1	1
1	1	0	1
0	1	1	1
1	1	1	2
2	2	2	2
1	1	1	1
2	2	2	2
1	12	1	16
1	1	0	1
0	1	1	1
1	1	1	1
4	2	2	4
1	1	1	1
1	1	0	1
2	1	1	2
1	4	2	2
4	1	1	1
0	1	1	0
1	1	1	1
10	5	4	10
1	2	1	1
1	1	1	1
1	1	1	2
1	1	1	1
1	1	0	1
1	1	1	1
2	1	0	2
1	1	1	1
1	1	1	1
1	1	1	1
2	1	1	2
1	1	1	1
15	13	9	13
1	1	1	1
3	1	1	2
1	1	1	1
2	1	0	2
3	7	0	1
1	1	1	1
1	1	1	1
0	1	1	0
1	1	0	1
1	1	1	2
1	1	1	1
0	1	1	0
1	1	1	1
1	1	1	1
1	1	1	1
1	1	1	2
1	2	1	1
1	1	0	1
1	1	1	1
2	1	1	2
2	3	2	2
1	1	1	1
1	1	1	1
1	1	1	1
1	1	0	0
1	1	1	1
1	1	1	1
1	1	1	1
1	1	1	1
2	2	2	2
2	1	1	1
1	1	0	1
2	1	1	1
2	2	2	2
1	2	1	1
0	1	1	0
1	4	3	1
1	1	2	1
1	5	2	2
5	6	4	8
1	1	0	1
0	1	2	0
1	1	1	2
1	1	1	1
0	1	1	0
1	1	1	1
1	1	0	1
2	1	1	2
3	2	2	4
2	2	1	2
1	2	2	2
1	1	1	2
1	1	1	1
1	1	3	1
1	1	1	1
1	1	1	1
1	1	1	1
1	1	0	1
1	1	1	1
2	1	1	2
2	3	2	2
1	2	1	1
1	1	1	1
1	1	1	1
1	1	0	1
1	1	1	1
2	1	1	1
1	1	1	1
1	1	2	2
0	2	1	0
1	1	1	1
3	2	2	3
1	1	1	1
1	1	1	1
1	1	1	1
1	1	1	1
3	2	2	3
1	1	2	1
1	1	1	1
1	1	1	1
2	1	1	2
3	1	1	2
3	2	2	3
1	1	0	1
1	1	1	1
0	1	1	1
1	1	1	1
2	8	3	1
1	1	1	1
1	1	1	1
1	1	1	1
1	1	2	1
1	1	0	2
1	1	1	1
3	2	1	3
1	2	1	1
2	1	1	2
1	1	0	1
1	1	1	1
1	1	1	1
1	1	1	1
1	1	1	1
1	1	1	1
1	1	0	1
1	1	1	1
1	1	1	1
1	1	0	1
2	1	1	1
1	1	1	1
1	1	1	1
1	1	0	1
2	3	3	3
1	1	1	1
2	1	0	2
1	1	1	1
1	1	1	1
1	1	1	1
1	1	1	1
1	1	1	1
2	2	2	2
1	1	0	1
1	1	1	1
1	1	0	1
1	1	0	1
2	2	0	1
1	1	2	1
1	1	1	1
1	1	1	1
1	1	1	1
1	2	2	1
1	1	1	2
1	1	0	1
3	1	1	3
1	1	1	1
0	1	1	0
1	1	1	1
1	1	1	1
3	2	2	2
2	3	2	2
2	2	1	2
0	2	1	0
9	4	5	9
1	1	1	1
1	1	0	1
1	1	1	1
2	1	1	1
1	1	1	1
2	1	1	2
1	2	2	1
2	2	2	2
1	2	0	1
1	2	0	1
0	1	2	0
1	1	0	1
2	1	0	1
2	1	1	2
1	1	1	1
1	1	1	1
2	1	1	2
2	2	2	1
1	1	1	1
2	1	1	2
0	2	1	0
1	1	1	1
1	1	1	1
1	1	4	1
0	2	2	0
2	3	3	5
1	1	0	1
2	1	1	2
1	1	1	1
1	1	1	1
3	1	1	3
2	1	1	2
2	1	1	2
4	2	1	3
1	1	1	1
1	1	0	1
1	1	1	1
1	1	1	1
2	1	1	2
1	1	1	1
1	1	1	1
1	1	1	1
3	1	2	3
1	1	0	1
1	2	1	1
1	1	1	1
1	1	1	1
1	1	1	1
2	1	1	2
1	1	1	0
1	1	1	1
1	1	1	1
1	1	1	1
1	1	1	1
1	1	2	1
1	1	0	1
1	1	3	1
1	2	1	1
1	1	1	1
1	1	1	1
1	1	1	1
1	2	1	1
1	1	1	1
1	1	1	1
1	1	1	1
0	1	1	0
1	1	1	1
1	1	1	1
1	1	1	1
2	1	1	2
1	1	1	1
2	2	1	2
1	1	1	1
0	1	1	0
1	1	1	1
1	2	2	1
1	1	1	1
2	1	1	2
1	1	1	1
1	1	0	1
2	2	1	2
1	1	1	1
1	1	1	1
1	1	1	1
1	2	1	1
1	2	1	1
0	1	1	0
0	1	1	0
1	2	2	1
2	1	1	2
1	1	1	1
2	2	1	2
1	1	1	1
1	1	0	1
2	1	1	2
1	1	1	1
1	1	1	1
2	1	1	2
2	1	1	2
1	1	1	1
3	1	1	2
1	2	1	1
1	1	1	1
0	1	1	0
0	1	1	0
1	1	1	1
1	1	1	1
2	1	1	2
1	1	0	1
1	1	1	1
1	1	3	1
1	2	2	2
1	1	1	1
0	1	1	0
1	1	1	1
0	1	1	0
2	1	1	2
1	1	1	1
2	1	1	2
3	5	3	3
1	1	1	1
3	7	0	2
1	1	2	1
1	1	1	1
1	2	2	3
2	1	1	2
1	2	2	1
1	1	1	1
2	1	1	2
0	4	1	0
2	1	1	2
0	1	0	1
1	1	1	1
0	1	1	0
1	1	1	1
2	2	2	2
1	1	1	1
2	1	1	2
5	2	2	4
1	1	1	1
1	2	1	1
1	1	1	2
4	3	1	2
2	1	1	2
0	1	1	0
2	1	1	2
1	1	1	1
1	1	0	1
0	1	1	0
1	2	2	1
2	1	1	2
1	3	3	1
1	1	1	2
1	1	1	1
1	1	1	1
2	2	1	2
1	1	1	1
1	1	1	1
1	2	2	1
1	1	0	1
1	2	2	1
2	1	1	2
2	1	1	2
2	1	1	1
1	1	1	1
1	1	1	1
1	1	1	1
1	1	1	1
1	1	1	1
4	2	0	4
1	1	1	1
1	1	0	1
0	1	1	0
2	1	1	2
1	1	1	1
2	1	1	2
1	1	0	0
1	1	1	1
1	2	2	2
1	1	1	1
1	1	1	1
0	1	1	1
0	1	1	0
1	1	1	1
1	1	1	1
2	2	1	1
1	1	1	1
1	1	1	1
0	1	1	0
1	1	1	1
1	1	1	1
1	1	2	1
2	2	1	2
1	1	1	1
1	2	1	1
1	1	1	1
13	20	6	13
3	4	1	1
1	1	1	1
1	1	1	1
1	1	1	1
1	1	1	1
1	1	1	1
1	1	1	1
2	1	1	2
1	1	1	1
1	1	2	1
1	2	2	1
2	1	1	3
0	1	2	0
1	1	1	1
0	1	1	0
1	2	1	1
1	1	1	1
1	5	0	0
1	1	1	1
2	2	2	2
1	1	1	1
1	2	2	1
2	1	1	2
2	1	1	2
1	1	1	1
1	1	0	1
1	1	1	1
1	1	1	1
1	1	1	1
1	1	1	1
1	1	1	1
0	2	1	0
1	1	1	1
1	1	1	1
1	1	1	1
1	1	1	1
1	1	0	1
1	1	1	1
2	1	1	2
1	1	0	1
1	1	1	1
1	2	1	1
1	1	1	2
3	1	1	3
2	1	1	2
1	2	2	2
1	1	1	1
0	1	1	0
1	1	1	1
1	1	0	1
1	1	0	1
1	1	1	1
2	3	2	5
1	1	0	1
2	1	2	2
1	1	1	1
1	1	1	1
1	1	1	1
1	1	1	1
1	1	1	1
1	1	1	1
1	1	1	2
2	2	1	2
4	4	2	9
0	1	1	0
2	1	1	1
1	1	1	1
1	1	0	1
2	1	1	2
2	1	1	2
1	1	1	2
1	2	2	1
1	1	1	1
1	1	0	0
2	1	1	2
1	1	1	1
3	2	1	3
4	2	2	4
2	2	1	3
1	3	2	1
1	2	1	1
1	1	0	1
1	1	1	1
0	1	1	0
1	1	1	1
1	1	1	1
2	1	0	3
1	1	1	1
1	1	1	1
1	1	1	1
4	2	2	2
0	1	1	1
2	2	2	2
0	1	12	0
1	2	1	0
1	2	2	1
1	1	1	1
1	1	1	1
2	3	2	2
1	1	1	1
1	1	1	1
2	1	0	2
1	5	1	4
1	1	0	1
1	1	1	1
0	1	1	0
2	2	1	1
1	1	0	1
0	2	0	7
0	1	1	0
1	1	1	1
3	2	2	2
1	1	1	1
1	1	1	1
1	2	1	1
2	1	1	2
0	1	2	0
2	1	1	2
1	1	1	1
1	2	1	1
1	1	1	1
1	1	1	1
1	2	1	1
1	1	1	1
0	1	1	0
1	1	1	1
0	1	1	0
1	2	2	1
1	2	1	1
1	1	1	1
0	1	1	0
1	1	1	1
1	1	1	1
1	1	1	1
0	1	1	0
1	3	2	1
1	1	1	1
2	2	2	2
1	2	1	2
1	1	1	1
4	3	1	4
1	1	1	1
1	1	1	1
1	1	1	1
1	1	1	1
2	1	1	1
1	1	1	1
1	1	1	1
0	1	1	0
1	1	1	1
1	1	0	1
1	1	1	1
1	1	1	2
2	1	1	2
1	1	1	1
3	4	2	2
0	1	1	0
1	1	1	1
0	1	1	0
1	1	1	1
0	1	1	0
1	1	1	1
1	1	0	1
1	1	1	1
1	1	1	2
1	1	0	1
2	1	1	2
1	1	1	1
1	2	2	1
2	1	1	1
2	2	2	2
4	3	5	4
1	1	1	1
1	1	1	2
0	1	0	1
0	1	1	0
10	7	9	10
2	3	3	2
1	1	1	1
1	1	1	1
1	1	1	1
1	1	1	1
2	1	0	1
1	1	1	1
1	2	1	1
1	2	1	1
1	1	1	1
1	1	0	1
1	1	1	1
1	1	1	1
2	1	1	2
1	1	0	1
1	1	0	1
1	2	1	2
1	2	1	1
1	1	1	1
1	1	1	1
0	1	1	0
2	1	1	2
1	1	1	1
2	1	1	2
1	1	1	1
1	1	1	1
1	1	1	1
2	1	1	2
2	2	1	1
2	1	1	2
1	1	1	1
1	1	0	1
1	1	1	1
1	2	1	1
1	1	1	1
0	1	1	0
3	2	2	3
1	2	2	1
1	4	1	1
1	1	2	1
1	2	1	1
1	1	1	1
1	2	1	1
2	1	0	2
1	1	1	1
1	1	1	1
1	1	1	1
4	5	3	5
1	1	1	2
1	1	1	1
1	1	1	1
0	1	1	0
1	1	1	1
0	1	0	1
1	2	1	1
1	4	1	0
1	1	1	1
1	1	1	1
14	15	5	17
1	1	0	1
2	2	1	2
1	1	2	1
1	1	1	1
1	3	2	1
3	3	1	7
1	2	1	1
1	1	1	1
1	1	1	1
3	2	2	3
2	1	1	2
1	1	0	1
1	1	1	1
1	1	1	1
2	1	1	2
1	1	1	1
0	1	1	0
1	1	1	1
2	2	2	2
2	2	2	2
1	1	0	1
5	3	4	5
1	1	1	1
0	1	0	1
2	2	1	2
2	1	0	2
2	1	0	2
1	1	3	1
2	1	1	2
1	1	1	1
1	1	1	1
2	1	2	2
1	1	1	1
1	1	1	1
0	1	2	0
1	1	1	1
1	2	1	1
1	1	2	2
1	1	1	1
1	1	0	1
1	2	1	1
1	1	0	1
2	2	0	1
1	2	1	1
2	1	1	2
1	1	1	1
1	1	1	1
0	1	1	0
0	1	1	0
1	1	1	1
5	2	1	4
1	1	1	1
0	2	1	0
3	1	1	2
2	1	1	2
0	1	0	1
2	1	1	2
1	1	1	1
1	1	1	1
1	1	0	1
1	1	0	1
2	2	2	2
1	1	1	1
1	2	1	1
0	1	1	1
1	1	1	1
3	2	1	2
2	2	1	2
1	1	1	1
2	2	1	2
3	2	1	3
0	1	1	0
1	2	1	1
4	4	3	4
1	1	1	1
2	1	1	1
1	1	2	1
3	1	1	3
1	1	1	1
1	1	1	1
1	1	1	1
1	2	1	1
1	7	0	0
2	2	0	2
2	1	1	2
2	3	1	2
1	1	1	1
8	1	1	1
2	1	2	2
0	1	1	0
1	1	1	1
0	1	1	0
1	1	1	1
1	1	1	1
1	1	1	1
2	1	0	2
2	1	1	1
1	2	3	2
1	2	1	4
0	1	1	0
1	1	1	1
2	1	1	1
3	1	1	2
1	1	1	1
2	1	0	2
2	2	1	2
0	1	1	0
1	1	1	1
1	1	1	1
1	1	1	1
2	1	2	2
1	1	1	1
1	1	1	1
1	1	1	1
1	1	1	1
1	2	1	2
2	2	1	3
0	1	1	0
1	1	1	1
1	1	1	1
1	1	1	1
0	11	3	0
1	1	1	1
1	1	1	1
1	1	1	1
1	1	2	4
2	1	1	3
1	1	1	1
4	3	3	4
1	1	0	1
1	1	1	2
1	1	1	1
1	2	1	1
1	1	1	1
1	1	1	1
2	1	1	2
1	1	0	1
1	1	1	1
1	1	1	1
1	1	2	1
1	1	1	1
1	1	1	1
1	1	2	1
2	2	0	1
3	2	2	3
1	1	1	1
1	1	1	1
1	1	1	1
0	1	1	0
1	1	0	1
3	2	1	3
0	1	0	2
2	1	1	2
1	1	2	2
2	2	1	2
1	1	2	1
1	1	1	1
1	1	0	1
1	1	1	1
0	6	0	4
1	1	1	1
1	2	1	1
1	1	1	1
2	1	1	2
1	1	1	0
2	1	1	2
1	1	1	1
1	1	1	1
1	1	1	1
2	1	0	2
1	1	1	1
1	1	1	1
2	1	1	1
1	1	1	1
1	1	0	1
2	1	1	1
1	1	1	1
2	2	3	2
1	3	2	2
1	2	2	4
0	1	1	0
2	2	1	2
1	1	1	1
3	2	2	2
1	1	1	1
1	1	0	1
1	1	1	1
1	1	1	2
0	1	1	0
2	1	1	2
2	1	0	1
1	1	1	2
4	6	4	4
1	1	1	2
1	1	1	1
1	1	1	1
2	1	1	2
4	2	2	3
1	1	1	1
1	1	3	1
1	1	1	1
1	1	1	1
2	1	1	2
1	1	1	1
2	3	2	2
2	1	1	2
1	1	1	1
2	1	1	1
1	1	1	1
1	1	1	1
1	2	2	1
0	1	2	0
1	1	3	1
0	1	1	0
0	1	1	0
1	1	1	1
1	2	1	1
3	1	4	3
0	1	1	0
2	2	2	2
1	1	0	1
1	1	1	1
1	2	1	1
1	1	1	0
1	1	1	1
18	10	2	24
1	1	1	3
1	1	1	1
0	1	3	0
1	1	1	1
1	1	1	1
1	1	2	1
1	1	1	1
1	1	2	1
1	1	1	1
1	1	1	1
1	1	1	0
1	2	1	1
2	2	2	2
0	1	0	1
1	1	0	1
2	1	1	2
3	2	3	2
1	1	1	1
2	1	1	2
1	1	1	1
1	1	1	1
4	3	1	4
1	1	1	1
1	1	0	1
2	2	1	2
2	1	1	2
2	2	1	1
1	1	0	1
1	1	2	1
1	1	1	1
1	1	1	1
1	1	1	2
1	1	1	1
1	2	3	1
3	3	3	3
1	4	0	2
1	1	1	1
1	1	1	1
7	14	9	10
1	2	1	1
2	2	1	3
1	1	1	1
2	2	1	2
1	1	1	1
1	1	1	1
1	1	1	1
1	1	1	1
1	1	0	1
2	1	1	2
2	1	1	1
1	1	1	1
1	2	1	1
2	2	1	2
1	1	1	1
2	1	1	1
1	1	1	1
2	1	1	2
3	2	1	3
1	1	1	1
1	1	1	1
1	1	1	1
6	6	3	8
1	1	1	1
1	1	1	1
1	1	1	1
1	1	1	1
1	1	1	1
1	1	1	1
1	1	1	1
1	1	1	1
1	1	3	1
1	1	1	1
2	2	2	3
1	1	1	1
1	2	0	3
2	1	1	2
1	1	1	1
2	1	1	2
2	1	1	2
1	1	0	1
2	1	1	4
2	1	2	2
2	2	1	2
1	1	1	1
1	1	1	1
2	1	1	2
2	1	2	2
1	1	1	1
0	1	1	0
1	1	1	1
2	1	1	2
1	1	1	1
14	18	11	15
1	1	1	1
1	1	1	1
1	1	1	1
2	1	1	2
1	1	1	1
1	1	1	1
1	1	1	1
1	1	1	1
1	1	1	1
1	1	0	1
1	1	1	2
1	1	1	1
1	1	0	1
1	1	1	1
1	2	1	1
1	1	2	1
1	1	1	1
1	1	1	1
1	1	0	1
1	1	1	1
1	1	1	1
1	1	1	1
0	1	1	0
1	1	1	2
1	1	1	2
1	1	0	1
1	8	2	2
2	3	2	2
1	1	1	2
4	2	2	3
1	1	1	1
2	1	1	2
0	1	1	0
1	1	1	1
0	1	1	0
1	2	1	1
1	1	1	1
1	2	1	2
2	1	1	2
1	1	1	1
1	2	1	1
2	1	1	2
1	2	1	3
1	1	1	1
1	1	1	1
2	3	3	3
1	1	1	1
1	2	2	1
2	1	1	2
2	2	1	2
2	1	1	1
3	1	0	2
3	1	1	2
1	1	1	1
2	2	1	2
1	1	1	1
2	1	1	2
1	1	2	1
1	2	2	1
0	2	1	0
1	1	1	1
0	2	1	0
1	1	1	1
1	1	1	1
1	1	0	1
1	1	1	1
1	1	1	1
2	2	1	2
1	1	1	1
3	5	3	3
2	2	2	2
0	2	0	1
1	1	2	1
1	2	1	2
1	2	2	1
2	2	2	2
1	1	1	1
1	1	0	1
1	1	0	1
0	1	1	0
1	1	1	1
1	1	0	1
1	1	0	1
5	3	3	4
1	1	1	1
0	2	2	0
1	1	1	1
0	1	1	0
0	1	1	0
1	2	2	1
2	1	1	2
2	1	1	2
0	2	1	0
1	1	1	1
1	1	1	1
8	3	2	5
2	1	1	2
0	2	1	0
1	1	1	1
1	1	1	1
1	1	1	1
1	1	1	1
1	1	1	1
1	1	1	1
1	1	1	1
2	1	1	2
1	1	1	1
1	1	1	1
1	1	1	1
1	1	1	1
4	2	2	4
1	1	0	1
1	1	1	2
1	1	1	1
1	1	1	1
1	1	1	1
3	2	2	3
1	1	0	1
1	2	1	1
1	1	1	1
1	1	1	1
1	1	1	2
1	1	1	1
1	1	1	1
2	2	1	2
1	1	0	1
2	2	1	2
1	2	1	1
1	1	1	1
0	1	1	0
1	1	1	1
1	1	1	1
1	1	1	1
2	1	1	1
1	1	1	1
1	1	1	1
1	1	1	1
1	1	1	1
1	1	1	1
2	1	2	2
1	1	2	1
1	1	1	1
1	1	1	1
1	5	0	1
1	1	1	1
4	2	3	2
0	1	1	0
1	1	0	1
0	1	0	1
2	1	1	2
1	1	1	1
0	1	2	0
1	1	1	1
2	1	1	2
1	1	0	1
2	1	5	3
1	2	1	1
1	1	1	1
2	1	1	1
1	1	1	1
0	1	1	0
1	1	1	1
1	1	1	1
1	1	1	1
2	2	1	5
0	3	0	2
1	1	1	1
0	1	1	0
1	1	1	1
1	1	1	1
1	1	1	1
1	1	1	1
1	2	1	1
1	1	0	0
1	1	1	1
0	1	1	0
1	1	1	1
1	1	1	1
1	1	0	2
2	2	1	2
1	1	0	1
0	1	1	0
2	1	2	2
1	1	1	1
1	1	1	1
1	1	1	1
1	1	1	1
4	1	2	4
2	2	1	2
1	1	1	1
3	1	1	2
1	1	1	1
0	1	1	0
2	1	1	1
1	1	1	1
1	1	1	1
1	1	1	1
1	1	1	1
3	3	3	3
1	1	0	1
1	1	1	2
1	1	1	1
0	1	1	0
1	1	1	1
1	1	1	1
1	1	1	2
1	2	1	1
1	1	1	1
1	1	0	2
0	1	1	1
1	1	1	1
1	1	1	1
1	1	1	1
1	2	2	2
1	1	1	1
6	6	4	6
2	1	1	2
0	1	1	0
1	1	1	1
1	1	1	1
1	1	0	1
1	1	0	1
2	2	1	2
3	2	3	3
1	1	1	1
1	1	1	1
1	1	1	1
1	1	0	1
1	1	1	1
3	3	3	4
1	1	1	1
1	1	1	1
1	1	1	1
3	2	2	3
2	1	1	2
1	1	1	1
1	1	0	2
1	1	0	2
1	1	1	1
1	1	1	1
1	1	1	1
2	1	1	2
2	1	1	2
1	1	1	1
2	1	1	2
2	1	1	2
1	1	2	1
1	1	1	1
1	1	1	1
1	1	0	1
1	1	1	1
1	1	0	1
0	1	1	0
1	1	1	1
1	1	1	1
1	1	1	1
1	1	1	1
1	1	1	1
1	1	1	1
1	1	1	1
1	2	1	1
1	1	1	1
1	5	1	1
1	1	0	0
0	1	1	0
1	1	2	1
1	1	1	1
1	1	0	1
2	2	2	3
0	1	1	0
1	1	1	1
1	1	1	1
2	1	0	1
1	1	2	1
0	1	1	0
1	2	2	1
1	1	1	1
3	3	4	4
1	1	1	1
2	2	2	2
1	3	1	1
1	1	0	1
1	1	1	1
0	2	1	0
1	1	1	1
1	1	1	1
1	3	1	1
1	2	1	1
1	1	1	1
1	1	1	1
2	2	1	2
1	1	1	1
1	1	1	1
1	1	1	1
2	1	0	2
2	2	3	1
0	1	1	0
1	1	1	1
2	1	1	2
1	1	2	1
1	1	1	1
2	1	0	2
2	2	2	2
1	1	1	1
1	1	1	1
1	1	1	1
1	1	1	1
1	2	2	1
0	1	1	0
1	1	1	1
2	1	2	2
1	1	0	1
2	1	2	2
0	17	0	1
1	1	1	1
1	1	2	1
0	1	1	1
1	1	1	1
2	1	1	2
1	1	1	1
1	1	0	1
0	3	1	0
4	4	3	4
1	1	0	1
0	1	1	1
1	2	1	1
1	1	1	1
3	9	2	1
1	1	1	1
1	1	1	1
0	1	1	0
2	2	2	2
0	1	1	0
1	1	1	1
0	1	1	0
0	1	1	0
1	1	0	1
9	2	1	18
1	1	1	1
1	2	1	1
1	1	1	1
0	1	1	0
1	1	1	2
1	2	1	1
1	1	1	2
1	1	1	1
1	1	1	1
2	2	2	2
1	1	1	1
0	1	1	0
1	3	1	1
1	1	1	1
2	1	1	1
4	6	4	4
0	1	1	1
1	1	1	1
2	1	1	3
1	2	2	1
1	1	0	1
1	1	1	1
1	1	1	1
0	1	3	1
0	1	1	0
1	1	0	1
2	1	1	1
5	1	3	0
3	2	1	3
1	2	2	1
1	2	2	1
2	1	2	2
1	1	1	1
1	1	1	1
0	1	1	0
1	1	0	1
1	1	5	2
1	1	0	1
1	1	1	1
1	1	1	1
4	1	1	2
0	2	1	0
1	1	1	1
1	1	1	1
2	1	1	1
1	1	0	1
1	2	2	1
1	1	0	1
1	2	1	1
1	1	1	1
0	1	1	0
1	2	1	1
0	1	1	0
1	1	1	1
1	1	1	1
2	1	1	2
1	1	0	1
1	1	1	1
1	1	1	1
2	1	2	2
1	1	1	1
3	1	1	2
1	1	1	1
2	1	3	2
2	1	2	1
3	1	1	2
0	1	1	0
1	1	0	1
0	1	1	0
0	1	1	0
1	1	1	1
1	1	1	1
1	1	1	1
2	2	1	2
1	1	1	1
1	1	1	1
1	1	1	1
1	1	0	1
2	1	0	1
0	1	1	0
2	1	0	1
2	1	1	2
2	2	2	2
1	1	1	1
1	1	0	1
2	2	1	2
1	1	0	1
1	1	1	0
2	2	1	2
1	1	1	1
1	1	0	2
1	1	1	1
1	1	0	1
2	1	1	2
0	1	1	0
1	1	0	1
1	1	0	1
2	1	1	2
1	1	1	1
4	2	2	4
2	1	1	1
1	1	1	1
1	1	1	1
3	1	2	4
2	1	1	2
1	1	1	1
1	1	0	1
1	1	1	1
1	1	1	1
2	1	0	2
2	1	1	1
1	1	1	1
2	1	0	2
1	1	1	1
1	1	1	1
1	1	1	1
1	1	1	1
0	2	1	0
1	1	1	1
1	1	1	1
1	1	1	1
3	4	4	4
1	1	1	1
1	1	1	1
1	1	1	1
2	2	2	2
1	1	1	1
2	1	1	1
3	3	1	3
2	2	1	2
5	3	1	5
1	1	1	1
1	1	0	1
1	1	0	1
1	3	1	2
2	2	2	2
2	1	1	1
1	1	2	1
0	1	1	0
0	1	1	0
1	1	3	1
1	1	1	1
1	1	1	1
4	2	1	3
2	1	1	2
1	1	1	1
4	4	1	4
1	1	1	1
1	1	0	1
2	1	1	2
2	6	1	3
3	1	1	2
3	1	1	2
4	2	2	4
1	1	1	1
2	2	1	2
1	1	1	2
1	2	1	1
1	1	1	1
0	1	1	0
1	1	1	1
1	1	1	1
1	1	0	1
1	1	1	1
1	1	1	1
0	1	1	0
1	1	2	1
1	1	1	1
2	1	1	1
1	1	1	1
1	2	1	1
1	1	0	1
1	3	1	1
1	1	1	1
1	1	1	1
1	1	1	1
1	1	1	1
0	1	1	1
1	2	1	1
1	1	0	2
1	1	1	1
1	1	1	1
2	1	1	2
1	1	1	1
1	1	1	1
1	1	1	1
3	2	1	4
1	1	1	2
1	1	1	1
2	1	1	2
1	1	1	1
1	1	1	1
1	1	1	1
3	3	3	3
2	2	1	2
2	1	2	1
2	1	0	2
1	1	1	1
1	1	1	2
1	2	1	2
2	1	1	2
1	1	0	1
1	1	1	1
1	1	1	1
0	1	1	0
2	1	1	2
1	1	1	1
0	1	1	0
2	1	1	2
1	1	1	1
13	29	10	17
1	1	1	1
4	4	4	4
1	1	1	1
1	1	1	1
1	1	1	1
1	1	1	1
1	1	1	1
1	2	1	1
1	1	1	1
1	1	1	1
1	1	1	1
1	1	2	1
2	2	1	2
1	1	1	1
2	1	1	2
1	1	2	1
2	28	0	4
1	1	1	1
1	1	1	1
2	1	0	2
1	1	1	1
1	1	1	1
1	2	1	1
2	1	1	2
0	1	0	2
2	5	0	2
0	1	1	0
2	1	1	2
1	1	1	1
2	1	1	2
0	2	0	1
1	1	1	2
1	1	0	1
1	1	1	2
1	1	1	1
3	1	1	3
1	1	1	1
1	1	1	1
2	1	1	2
1	1	1	1
1	1	1	1
1	1	1	1
1	1	1	1
2	1	1	2
2	1	1	2
0	1	1	0
1	2	0	1
1	1	0	1
1	1	1	2
0	1	1	1
0	1	1	0
0	1	1	0
1	1	1	2
2	2	1	2
1	1	1	1
1	1	1	1
1	1	1	1
1	1	1	1
1	1	2	1
1	1	1	1
0	5	1	0
2	2	2	2
1	1	0	1
0	1	1	0
1	1	1	1
1	1	1	1
4	2	2	4
1	1	1	1
1	1	1	1
1	1	1	1
2	2	1	2
4	3	2	4
1	1	1	1
1	1	0	2
1	1	1	1
1	1	1	1
1	1	1	1
1	1	1	2
0	1	1	0
0	10	3	0
0	1	1	0
0	1	1	0
1	1	1	1
2	1	0	1
1	1	1	1
1	1	1	1
1	1	1	1
1	1	1	1
1	1	1	1
1	2	2	1
1	1	1	1
1	1	1	1
1	1	1	1
1	1	0	1
1	2	1	3
1	1	1	1
1	2	1	1
1	1	1	1
3	2	1	2
1	1	2	1
0	1	1	0
3	5	3	4
3	1	0	3
0	2	1	0
1	1	1	1
1	1	0	1
1	1	2	1
1	1	1	1
2	1	1	2
1	1	1	1
0	1	1	0
2	7	1	2
1	1	1	1
1	1	1	1
1	1	1	1
0	1	1	1
0	1	1	1
1	1	1	1
1	1	1	1
1	1	1	1
3	2	2	2
1	1	1	1
1	1	0	1
1	1	1	1
1	1	1	1
1	2	1	1
1	2	1	1
1	1	1	1
2	1	1	2
1	1	1	1
2	1	1	2
4	1	1	4
1	4	4	1
0	1	1	0
1	1	1	1
1	1	1	2
2	1	1	4
2	1	1	3
1	1	0	1
2	1	1	2
1	1	1	1
1	1	1	1
0	1	1	0
1	1	1	1
1	1	1	1
1	1	1	1
1	1	0	2
2	2	2	2
2	1	1	3
1	2	2	1
1	1	2	3
2	1	2	1
1	1	1	2
2	2	1	3
1	1	1	1
0	1	1	0
1	1	0	1
1	1	1	1
1	1	1	1
1	1	1	1
1	1	1	1
0	1	1	0
2	1	1	1
2	1	1	2
1	1	1	1
1	1	1	1
1	1	1	1
4	7	2	3
0	1	1	0
1	1	1	1
1	2	1	1
0	1	1	0
0	1	1	0
1	1	1	1
1	1	1	1
1	1	1	1
2	1	1	2
1	1	0	1
2	2	0	2
0	1	1	0
1	1	1	1
1	1	1	1
1	1	1	1
1	1	1	1
3	3	1	3
1	1	0	1
1	1	1	1
1	1	1	1
4	2	1	5
3	1	1	3
1	1	1	1
1	1	1	2
1	1	1	1
1	1	1	1
1	1	1	1
2	1	1	2
2	1	1	1
1	1	1	1
2	1	1	2
1	1	1	1
1	1	1	1
1	1	1	1
1	1	1	1
1	1	1	1
1	1	1	1
2	1	1	2
1	1	1	1
0	1	0	1
2	1	2	2
1	2	1	1
1	1	2	1
1	1	1	1
0	1	1	0
1	1	1	1
2	2	1	2
1	1	1	1
0	1	1	0
2	1	1	2
1	1	1	1
1	1	1	1
1	1	1	1
0	1	0	1
0	1	0	1
1	1	0	1
1	1	1	1
1	1	0	1
1	1	1	1
2	1	1	1
2	2	2	3
2	1	1	1
1	1	1	1
0	1	1	1
1	1	0	1
1	1	1	1
0	1	1	0
1	1	1	1
2	1	1	2
2	1	0	2
2	1	1	2
1	1	1	1
1	2	1	1
1	1	1	1
1	1	1	6
1	1	1	1
2	1	1	2
1	1	1	1
1	1	1	1
2	1	1	2
1	1	1	2
1	1	0	1
1	1	1	1
2	2	2	2
2	3	3	2
2	1	1	1
1	1	1	1
3	4	3	4
3	2	0	3
2	2	2	2
1	1	1	1
1	1	1	1
2	2	2	2
2	1	1	1
1	2	1	1
1	1	0	1
1	1	1	1
1	1	1	1
1	1	1	1
1	1	1	1
1	1	1	1
4	7	1	5
1	1	1	1
1	2	2	2
1	1	1	1
3	4	1	3
2	1	1	2
1	1	0	1
0	1	1	0
1	1	1	1
1	1	1	1
1	1	1	1
1	1	1	1
1	1	1	1
3	3	3	3
1	1	1	1
1	1	1	1
1	1	1	1
1	1	1	1
1	1	1	1
1	1	1	1
1	1	1	1
1	2	0	1
1	1	1	1
1	1	2	1
3	1	0	3
1	1	2	1
2	2	1	2
1	2	2	2
1	1	1	1
1	1	1	1
1	1	1	1
1	2	1	2
1	1	2	1
1	1	1	1
1	4	0	2
1	1	1	1
7	7	4	9
1	1	1	1
3	1	1	2
0	1	1	0
1	1	2	1
1	1	1	1
1	1	1	1
1	1	1	1
0	1	1	0
1	1	1	1
1	2	1	2
1	1	1	1
1	1	1	1
2	3	1	2
2	2	1	2
2	1	1	2
1	1	0	1
1	1	1	1
1	1	1	1
1	2	1	1
1	1	1	1
1	1	1	1
2	1	1	2
1	1	1	1
2	1	1	2
1	1	1	1
1	1	1	2
1	1	1	1
1	1	1	1
1	1	1	1
1	1	1	1
2	1	1	1
1	1	2	1
1	1	1	1
1	1	3	1
2	2	2	2
1	2	1	1
1	2	1	1
1	1	1	1
2	1	1	1
1	1	1	1
1	1	1	1
1	1	0	1
1	1	1	1
1	1	1	1
1	1	1	1
0	2	1	0
1	1	0	1
3	2	1	3
1	1	1	1
1	1	0	1
2	2	1	3
1	2	2	1
1	1	1	1
1	1	1	1
2	1	1	1
0	1	1	0
1	1	0	1
3	4	3	2
1	1	1	1
2	1	1	2
0	1	1	0
1	1	1	1
2	1	1	2
0	1	1	0
2	2	2	2
2	1	1	2
1	1	1	1
0	1	0	2
1	1	1	1
0	1	1	0
1	1	1	1
1	1	1	1
1	1	1	1
2	1	1	2
1	1	0	1
2	2	1	1
0	1	1	0
0	1	1	0
1	2	1	1
1	1	1	1
1	1	1	1
1	1	1	1
1	1	0	1
1	1	1	1
0	3	2	0
1	1	4	1
0	1	1	0
4	2	1	4
1	1	0	1
1	1	1	1
1	1	1	1
2	1	1	2
1	1	1	1
6	3	2	4
1	1	1	1
0	1	1	0
1	1	1	1
1	1	1	1
1	1	1	1
1	1	1	1
2	1	1	1
2	1	0	2
1	1	1	1
2	1	1	2
1	1	1	1
1	1	1	1
1	1	1	1
1	1	1	1
1	1	0	1
1	1	1	1
1	1	1	1
1	1	0	1
1	2	1	1
1	1	0	1
1	1	1	1
1	1	1	1
1	1	1	1
1	1	1	1
1	1	1	2
1	1	1	1
1	1	1	1
2	2	1	3
1	2	1	1
1	1	1	2
2	1	1	2
2	1	1	2
1	1	1	1
2	1	1	1
1	2	1	1
1	1	0	1
1	1	2	1
2	2	2	2
0	1	1	0
2	1	1	1
3	3	2	3
3	2	2	2
0	3	1	0
0	2	1	0
1	1	1	1
0	1	1	0
1	1	1	1
1	1	2	2
1	1	1	1
1	1	1	1
2	1	1	2
0	2	1	0
2	2	2	2
1	1	1	1
1	1	1	1
2	1	0	2
1	1	3	1
1	1	0	1
2	1	1	1
3	1	1	3
1	1	1	1
1	1	1	5
1	1	1	1
1	1	1	1
1	1	1	1
1	1	0	1
1	1	1	1
2	1	1	1
2	1	1	2
1	1	1	1
4	6	3	3
2	1	1	2
4	4	1	4
4	2	2	4
1	2	2	1
1	1	1	1
1	1	1	1
0	1	1	0
1	1	1	1
0	1	1	1
0	1	1	0
1	1	1	1
1	1	0	1
1	1	1	1
1	1	2	1
1	3	2	4
1	1	0	1
1	1	1	1
1	1	1	1
1	1	1	1
1	1	1	1
1	1	1	1
2	1	1	2
1	1	1	1
5	3	3	8
1	1	1	1
1	1	1	1
1	1	1	1
1	1	1	1
2	1	1	1
2	1	1	2
1	1	2	1
4	1	1	1
2	58	9	0
1	1	1	1
0	1	1	0
1	1	1	1
0	1	1	0
2	1	1	1
2	2	1	2
1	1	1	2
2	1	1	2
4	3	2	5
1	1	1	1
1	1	1	1
1	5	1	1
1	1	1	1
1	1	1	1
1	2	0	1
0	1	0	2
1	1	1	1
0	1	1	0
1	1	1	1
1	2	1	1
1	1	1	1
1	1	1	1
1	1	0	1
1	1	1	1
1	1	1	1
1	1	1	1
1	1	1	1
2	2	1	2
0	3	3	0
2	1	1	2
1	1	1	1
1	1	2	1
0	1	1	0
2	1	1	2
1	1	0	1
2	2	1	2
1	1	1	1
1	1	1	2
4	2	2	5
1	1	1	1
1	1	1	1
4	4	3	4
2	2	2	2
2	2	1	1
2	1	1	2
1	2	1	1
1	1	1	1
1	1	1	1
2	2	2	2
0	1	1	0
1	1	1	1
1	1	1	1
1	2	3	2
1	1	3	1
1	1	1	2
1	1	1	1
2	2	2	1
1	1	1	1
1	1	1	1
1	1	1	1
2	1	1	2
3	1	0	3
0	1	1	0
2	2	2	3
1	1	1	1
1	1	1	1
1	1	1	2
0	1	1	0
1	1	1	1
2	1	1	1
2	2	1	2
1	1	1	1
1	1	1	1
1	1	0	1
4	2	1	4
3	3	1	3
1	1	1	1
1	1	1	1
2	1	1	2
1	2	1	1
1	1	1	1
1	1	1	1
1	1	1	1
2	3	2	2
0	1	1	0
1	2	2	1
1	1	1	1
1	1	1	1
2	2	1	2
1	2	2	4
0	1	1	0
1	2	2	2
1	1	1	1
1	1	1	1
1	1	1	1
1	1	1	2
0	1	1	0
2	2	2	1
5	18	5	5
1	1	1	1
1	1	1	1
1	1	1	1
1	1	1	2
2	1	1	2
4	3	2	6
1	2	2	1
1	1	1	1
2	3	3	3
1	1	1	1
3	2	2	2
2	1	1	2
1	1	1	1
0	1	1	0
2	1	1	2
1	1	1	1
1	1	1	1
1	1	1	1
1	2	2	1
1	1	1	1
1	1	1	1
2	1	0	2
0	2	0	2
1	1	1	1
1	1	1	1
1	1	1	1
1	1	1	1
1	1	1	1
1	1	1	1
1	2	1	1
1	1	1	1
1	1	1	1
0	1	1	0
2	1	1	2
1	1	1	1
1	1	1	1
1	1	1	1
1	1	1	1
2	3	2	2
1	1	1	1
1	1	2	1
1	2	2	1
1	1	1	1
2	3	1	1
1	1	1	1
2	2	2	2
2	1	0	1
1	1	1	1
2	1	1	2
4	2	2	4
2	2	0	2
1	1	0	1
1	1	1	1
1	1	1	1
0	1	1	0
1	1	1	1
2	3	2	3
0	1	1	0
1	1	1	1
2	2	1	2
2	1	1	2
1	1	1	1
3	1	1	3
0	1	1	0
0	1	1	0
1	1	1	1
2	1	1	1
4	5	4	4
2	1	1	2
1	1	1	1
1	1	1	1
0	1	1	0
1	1	1	1
2	1	1	2
3	1	1	1
0	1	1	2
1	1	1	1
1	1	1	1
2	1	1	2
1	1	1	1
0	1	1	0
4	3	2	5
1	1	1	1
1	1	1	1
1	1	1	1
1	1	1	1
1	1	1	1
1	1	0	1
1	1	1	0
2	3	1	3
1	1	1	1
1	1	1	1
0	2	1	0
1	1	1	1
1	1	1	1
1	1	1	1
1	1	1	1
2	1	2	2
2	3	1	2
1	1	1	1
1	1	2	1
1	1	1	1
1	1	1	1
0	1	1	0
1	2	1	1
2	1	2	2
2	2	2	2
2	1	1	2
2	1	1	1
2	2	1	3
2	2	2	1
0	1	1	0
1	1	1	1
0	3	2	1
2	2	1	2
3	1	1	3
1	1	1	1
2	2	2	2
1	1	2	1
1	1	1	3
1	1	0	1
1	1	1	1
1	2	0	1
1	2	0	1
2	1	1	2
0	1	1	0
1	1	1	1
0	1	1	0
1	1	2	1
10	11	9	8
1	4	0	1
1	1	1	1
1	1	1	1
1	1	0	1
0	1	1	0
1	1	1	1
0	5	1	0
1	1	1	1
1	1	1	1
2	2	1	2
1	2	2	1
1	1	1	1
1	1	0	1
3	3	3	3
1	1	1	1
1	1	1	1
1	1	1	1
1	1	1	1
3	2	2	2
1	1	1	1
1	1	4	1
1	1	1	1
1	1	1	1
2	2	1	1
1	2	2	2
1	1	1	1
0	1	1	0
1	1	1	1
1	1	1	1
2	1	2	1
1	1	1	1
1	1	1	1
1	1	1	1
2	1	1	2
1	1	1	1
2	4	5	2
0	1	1	0
2	1	1	1
2	1	1	2
2	2	2	1
2	1	1	2
1	1	1	1
1	1	1	1
1	1	1	1
1	1	0	1
2	1	1	1
1	3	1	2
4	4	1	4
1	1	1	1
1	1	1	1
1	2	1	2
1	1	1	1
1	1	1	2
1	2	2	1
0	1	1	0
0	1	1	0
1	1	0	2
1	1	1	1
1	1	1	1
1	1	1	1
2	1	1	2
2	2	1	1
1	1	1	1
1	1	1	2
0	68	2	2
0	1	1	1
3	1	1	2
2	1	1	2
1	1	1	1
1	4	1	1
1	7	1	1
4	3	2	4
2	1	1	2
1	1	1	2
1	1	1	1
2	2	2	2
3	1	0	3
0	1	1	0
2	1	1	2
1	1	1	1
0	1	1	0
2	1	0	1
0	1	1	0
1	1	0	1
0	1	1	0
0	1	1	0
1	1	1	1
1	1	1	1
1	1	0	0
1	1	1	1
1	1	2	1
1	1	1	1
2	1	0	2
1	1	1	1
1	1	0	1
1	1	1	1
0	1	1	0
1	1	1	1
0	1	1	0
0	1	1	0
1	1	1	1
0	1	1	0
1	2	2	1
0	1	1	0
1	1	1	1
2	1	1	2
1	1	1	1
2	1	1	2
3	2	2	3
2	2	2	2
2	1	1	2
1	1	0	1
1	1	1	0
0	1	1	0
1	1	1	1
3	2	1	2
1	2	1	1
1	1	1	2
2	2	2	1
1	1	2	1
1	1	0	1
1	1	1	1
1	1	1	1
1	2	1	1
1	1	1	1
2	3	2	3
1	1	0	1
1	1	1	2
1	1	2	1
1	2	1	1
1	1	0	1
2	1	1	2
2	2	2	3
2	4	3	3
1	1	1	1
0	1	1	0
2	2	2	2
3	2	2	3
1	1	1	1
0	1	1	0
1	1	1	1
2	2	1	2
1	1	1	1
2	2	2	3
1	1	0	1
1	1	1	1
1	1	1	1
5	4	1	5
1	2	1	1
2	2	1	2
3	1	1	3
2	1	1	1
1	2	2	1
1	1	1	1
2	1	1	2
2	1	0	2
1	1	1	1
1	1	1	1
1	1	0	1
1	1	1	1
1	1	1	1
1	1	1	1
1	1	1	1
1	1	1	1
1	1	2	1
1	2	2	1
1	1	2	1
0	1	1	0
0	1	1	0
2	2	0	2
1	1	0	1
1	1	1	1
1	1	1	1
1	1	1	1
0	17	2	1
1	1	1	1
3	2	3	4
1	1	1	1
0	3	2	0
1	1	1	1
2	1	1	2
0	1	1	0
8	6	4	8
2	1	1	2
0	1	1	0
2	2	2	2
2	1	1	3
2	4	2	1
1	1	1	1
1	1	2	1
1	1	1	1
6	5	5	7
1	1	0	1
1	1	1	1
0	1	1	0
1	2	0	1
1	2	1	2
1	1	1	1
1	1	1	1
1	1	1	1
1	1	1	1
0	1	1	0
3	1	1	2
1	1	1	1
2	1	1	2
1	1	1	2
1	1	1	1
1	1	1	1
1	1	0	1
1	1	1	1
1	1	1	1
2	2	1	2
3	2	1	3
0	2	1	0
1	2	3	5
3	3	2	3
2	64	7	2
1	1	0	1
0	1	1	0
2	2	2	2
2	3	3	2
1	1	1	1
4	3	2	5
1	1	1	2
3	1	1	3
1	1	1	1
9	4	4	10
1	1	1	1
1	3	2	1
0	1	0	1
1	1	1	1
2	1	1	2
6	4	3	5
1	1	1	1
1	1	0	1
0	5	1	1
2	2	1	2
2	2	2	1
1	1	1	1
3	1	1	3
0	1	1	0
1	1	1	1
1	1	0	1
1	1	1	1
1	1	1	1
1	2	1	1
1	1	1	1
1	1	1	1
1	2	2	1
1	1	1	1
1	1	1	1
2	1	1	1
1	1	0	1
1	1	1	1
1	2	2	1
1	1	1	1
2	2	2	2
1	1	1	1
1	1	1	1
1	1	1	1
1	1	1	1
2	1	2	2
1	1	2	1
1	1	1	2
1	1	0	1
2	1	1	2
1	1	1	1
1	1	1	1
1	1	1	1
1	1	1	1
2	1	1	2
2	2	2	2
1	1	1	1
0	1	1	0
1	1	1	1
2	3	3	3
1	1	1	1
1	1	1	2
0	2	1	0
2	2	1	2
1	1	1	1
0	1	1	0
2	1	3	2
5	5	3	5
5	5	4	6
2	1	1	2
1	1	1	1
1	1	1	1
1	1	1	1
0	1	1	0
1	1	1	1
1	1	2	1
1	1	1	1
1	1	1	1
1	2	2	2
1	1	1	2
0	1	1	0
1	1	1	1
0	1	1	0
1	1	1	1
2	1	1	2
0	1	1	0
1	1	1	1
2	1	2	3
1	2	2	2
1	2	2	1
1	1	1	1
1	1	1	1
1	1	1	1
1	1	1	1
1	5	0	3
1	1	1	1
2	2	1	2
2	1	1	2
2	1	1	2
1	1	1	1
1	1	1	1
2	1	1	2
1	1	1	1
2	3	1	2
1	1	1	1
1	1	1	1
1	1	1	1
1	1	1	1
1	1	1	1
1	1	0	1
1	1	0	1
2	1	1	1
2	2	1	2
1	1	1	1
2	1	1	2
0	1	1	0
1	1	1	1
1	1	0	1
2	1	1	3
1	1	1	1
1	1	1	1
0	1	1	0
1	1	1	1
1	1	1	1
6	7	9	8
3	1	1	3
2	1	1	2
5	3	1	5
1	1	1	1
1	1	1	1
2	2	1	2
6	2	1	13
1	1	1	2
1	1	1	1
0	1	1	0
1	1	0	2
1	1	1	1
1	1	1	1
1	1	1	1
2	2	3	3
2	3	3	2
1	1	1	1
1	1	1	1
2	1	1	1
2	2	1	2
1	1	1	1
3	3	3	3
2	1	1	2
2	1	1	1
1	1	1	1
1	1	0	1
1	1	1	1
1	1	1	1
1	1	0	1
1	1	1	1
1	1	1	1
1	1	1	1
1	1	1	1
2	1	1	2
1	1	2	1
4	3	2	4
2	2	2	2
1	1	1	1
3	2	2	3
1	2	1	1
1	1	0	1
1	1	2	1
2	1	1	2
1	1	1	1
1	1	1	1
2	3	3	2
1	1	1	1
1	1	0	0
2	1	1	2
1	1	1	1
1	3	1	1
1	1	1	1
2	2	2	2
2	2	1	2
1	1	1	1
2	1	1	2
4	3	0	8
1	1	1	1
0	1	1	1
1	1	1	1
2	2	1	2
1	2	2	1
1	1	1	1
0	2	1	0
1	1	1	1
2	2	1	1
1	1	1	1
1	1	0	1
1	1	1	1
0	4	1	0
2	2	2	2
2	1	1	2
1	1	0	1
1	1	1	1
1	1	1	1
1	1	1	1
1	1	2	1
1	1	1	1
1	1	2	1
1	1	1	1
1	2	0	1
1	1	1	1
3	3	2	3
1	1	1	1
1	1	1	1
1	2	1	1
0	1	1	0
1	1	1	1
1	1	2	1
3	1	0	3
1	1	1	1
4	2	2	3
0	1	0	2
1	2	1	1
0	1	1	0
1	1	1	1
1	2	2	1
1	2	1	1
1	1	1	1
0	1	1	0
1	1	0	1
1	1	1	1
1	1	0	1
1	2	1	1
2	2	2	2
1	1	2	1
2	2	2	2
1	1	0	1
0	1	1	0
0	1	1	0
2	1	1	2
1	1	1	1
1	1	1	1
2	3	2	2
1	1	1	1
1	1	1	1
2	1	0	2
1	1	0	2
1	1	1	1
3	2	2	3
2	1	2	1
1	1	1	1
1	1	1	1
1	2	3	1
1	5	0	1
0	3	1	1
1	1	1	1
2	1	1	2
0	1	1	0
1	1	1	1
1	1	1	1
1	1	1	1
1	1	0	1
1	1	1	1
1	1	0	1
3	2	1	4
1	1	1	2
15	2	1	13
3	3	2	3
1	2	2	1
1	2	1	2
1	1	1	1
3	1	1	4
0	3	1	2
1	1	1	1
1	1	1	1
1	1	1	2
1	1	1	1
1	1	1	1
6	2	1	3
1	1	1	1
1	1	2	1
1	1	1	2
1	1	1	1
1	1	0	1
1	1	1	1
1	1	0	1
0	1	1	0
1	1	2	2
1	1	1	1
2	1	1	1
1	1	1	1
1	1	1	1
1	1	1	1
1	1	1	1
1	1	1	1
1	1	1	1
1	1	0	1
1	1	1	1
2	2	2	2
1	1	2	1
2	1	0	2
1	1	2	1
1	1	1	1
1	1	0	1
1	2	1	1
2	1	1	1
1	1	0	1
0	1	1	0
4	4	3	5
1	1	1	1
1	2	1	1
2	1	1	2
5	8	6	6
1	1	1	1
1	1	0	1
1	1	1	1
1	1	1	1
2	2	2	2
1	1	1	1
1	1	1	1
2	1	0	2
1	1	1	1
3	1	1	4
1	1	1	1
0	1	1	0
1	1	1	1
0	1	74	0
1	1	1	1
8	7	5	9
1	1	1	1
1	1	1	1
1	1	0	2
2	1	1	2
1	1	1	1
1	1	1	1
1	1	1	1
2	2	2	1
3	2	1	3
1	1	1	1
1	1	1	1
1	1	1	1
1	1	0	1
1	1	1	1
1	1	1	1
1	2	1	1
3	2	1	2
1	1	3	2
2	2	2	2
1	1	2	1
2	1	1	2
2	1	1	2
1	1	0	1
0	1	1	0
1	3	2	1
1	1	1	1
0	1	1	0
1	1	1	1
1	2	1	1
1	1	1	1
0	1	1	0
1	1	1	1
0	1	0	1
1	1	1	1
2	1	1	2
5	4	2	5
1	1	1	1
2	1	0	1
1	1	1	2
1	1	1	1
1	1	1	1
1	1	1	1
1	1	1	1
1	1	1	1
0	1	1	0
1	2	1	1
1	1	1	1
1	1	1	1
2	1	2	1
1	1	1	1
1	1	1	1
1	2	2	1
2	1	1	2
1	2	0	1
0	1	1	0
0	2	1	0
1	1	1	1
2	1	1	1
2	1	1	2
0	2	1	0
1	1	1	1
1	1	1	1
7	9	7	8
1	1	0	1
1	1	1	1
1	1	1	1
2	1	1	2
0	1	1	1
1	1	1	1
2	1	1	2
2	1	0	2
1	1	0	1
2	2	0	3
1	1	1	1
1	1	1	1
0	1	1	0
2	1	1	2
2	2	2	2
1	1	1	1
1	1	1	1
1	1	1	1
2	1	1	1
1	1	2	2
1	1	1	2
0	1	1	0
1	2	1	1
1	1	2	1
1	1	1	1
3	1	1	1
1	1	1	1
1	1	2	2
1	1	1	1
1	1	1	1
1	1	1	1
5	3	3	6
2	1	1	2
3	1	2	2
2	1	1	1
1	1	1	1
1	1	0	1
0	2	1	0
1	2	1	1
1	1	1	1
0	1	1	0
1	2	1	1
1	1	1	1
1	3	1	1
4	2	3	5
0	1	1	0
1	1	1	1
0	1	1	0
0	1	1	0
1	1	1	1
2	1	1	2
1	1	1	1
1	2	1	1
1	1	1	1
1	1	1	1
1	1	1	1
0	1	1	0
1	1	1	1
1	1	1	1
2	6	1	2
0	2	2	0
1	1	1	1
1	1	1	1
1	1	1	1
1	1	1	1
2	1	1	1
1	1	1	1
1	1	1	1
1	1	1	1
2	1	1	1
1	1	1	1
1	1	1	1
2	2	2	2
2	3	1	1
0	1	1	1
1	1	1	1
1	1	0	1
1	2	0	1
2	2	1	2
1	1	2	1
1	1	1	1
1	1	1	1
1	1	1	1
1	1	0	1
3	2	2	2
1	1	1	1
1	1	1	1
1	1	1	1
1	2	2	1
2	1	1	0
1	1	1	1
1	2	1	1
1	1	1	1
1	1	0	1
1	1	1	1
1	1	1	1
1	1	1	1
1	1	1	1
1	1	1	1
1	1	1	1
1	1	1	1
1	1	1	1
0	5	4	0
1	1	0	1
3	1	3	4
19	10	10	22
1	1	1	1
1	1	1	1
1	1	1	3
1	1	2	1
2	1	0	2
1	1	1	1
1	1	1	1
1	1	2	1
2	1	1	1
2	1	1	2
0	1	1	1
1	1	1	1
0	2	1	1
1	1	1	1
1	1	1	1
1	1	1	1
0	1	0	1
1	1	2	1
1	1	1	1
1	1	1	1
0	1	1	0
1	1	1	1
1	1	1	2
2	1	1	2
1	1	1	1
1	1	1	1
1	1	1	1
2	2	2	2
1	2	1	1
1	1	1	1
2	1	1	1
0	21	2	0
1	1	1	1
1	1	1	1
1	1	1	1
1	2	2	1
2	2	1	2
1	1	1	1
2	1	1	1
1	1	1	1
0	1	1	1
1	1	1	1
1	1	1	1
1	1	1	1
1	1	1	1
1	2	2	1
2	2	1	1
2	1	1	2
1	1	2	1
1	1	1	1
2	3	2	2
1	1	0	1
2	1	0	1
0	1	1	0
1	1	1	1
1	1	1	1
1	1	1	1
1	2	1	1
1	1	2	1
1	1	1	1
1	1	1	1
2	1	1	2
1	1	1	1
1	1	1	1
1	1	1	1
1	1	2	1
1	1	1	1
1	1	1	1
2	3	1	2
1	1	1	0
1	1	0	1
1	1	1	1
1	1	1	1
1	1	1	1
2	1	1	3
1	2	0	1
1	1	0	1
1	1	1	1
1	1	1	2
1	1	1	1
1	1	0	1
2	1	1	2
4	3	3	4
1	1	1	1
1	1	0	1
1	1	1	1
1	1	1	1
1	1	1	1
1	1	0	1
1	1	0	1
3	2	1	3
3	2	1	4
2	1	1	2
1	2	0	0
2	1	1	2
1	1	1	1
2	1	1	1
2	2	1	2
1	1	2	1
0	1	1	0
1	1	2	1
0	1	0	1
1	1	1	1
2	2	0	2
1	1	1	1
1	2	0	2
2	1	1	3
2	1	1	2
1	1	1	1
1	1	1	1
2	2	2	2
2	19	2	3
0	1	1	0
2	2	2	2
2	1	1	1
1	1	1	1
1	1	1	1
1	1	1	1
1	1	1	1
2	1	1	2
2	1	3	2
1	1	1	1
3	2	1	2
1	1	1	1
1	1	1	1
3	2	3	3
0	1	1	0
1	2	2	1
1	1	1	1
1	1	1	1
2	1	1	2
1	1	0	1
2	2	1	1
1	1	0	2
1	1	1	1
3	3	1	1
1	1	1	1
1	1	2	1
2	2	1	2
2	1	1	1
1	1	1	1
1	1	1	2
2	2	1	2
1	1	1	1
2	1	1	1
0	1	1	0
1	1	1	1
1	4	2	1
1	1	2	2
1	1	2	1
1	1	1	1
2	2	1	2
1	1	1	1
2	2	2	3
1	1	1	1
2	2	1	1
1	1	2	1
1	1	1	1
1	1	1	1
1	1	1	1
1	1	1	1
1	1	1	1
1	1	1	1
1	1	1	1
1	2	2	1
1	1	1	1
2	1	1	2
0	1	1	0
1	1	1	2
2	1	2	2
2	1	1	1
1	1	0	1
1	1	1	1
1	1	1	2
1	1	1	1
1	1	1	1
6	9	7	14
1	1	0	1
1	1	1	1
2	1	1	2
1	1	0	1
1	1	1	1
0	1	1	0
1	1	1	1
1	1	1	1
1	2	1	1
0	1	1	0
2	2	0	2
0	1	1	0
0	1	1	0
2	5	1	2
1	1	1	1
1	2	1	1
1	1	1	1
1	1	1	1
1	1	1	1
2	1	1	1
1	1	1	1
2	1	1	1
1	1	0	1
0	1	1	0
1	1	1	1
2	1	1	2
1	1	1	1
1	1	2	1
1	1	1	1
2	2	2	2
2	1	0	1
1	1	1	1
2	2	2	2
2	1	1	7
0	1	1	0
1	1	1	1
0	1	1	1
1	1	0	1
1	1	0	1
1	1	1	1
1	1	1	1
6	4	2	5
1	1	1	1
2	2	2	3
1	1	1	1
1	1	0	1
1	1	1	1
4	3	1	5
2	1	2	2
1	1	0	1
2	2	1	1
0	1	1	0
1	1	1	1
1	1	1	2
1	1	1	1
1	1	1	1
4	1	0	16
1	1	1	1
1	1	1	1
1	1	1	1
1	1	1	1
1	1	2	1
1	1	1	1
0	1	1	0
1	1	1	1
1	1	1	1
1	1	1	1
1	1	1	1
1	94	3	2
1	1	3	1
2	1	1	2
0	2	1	0
1	1	1	1
2	2	2	2
0	1	1	0
1	1	1	1
2	1	1	2
1	1	1	1
4	3	1	2
1	1	1	1
1	1	1	1
1	1	1	1
1	1	1	1
2	1	1	2
1	1	1	1
1	1	1	1
1	1	1	1
0	1	1	0
1	1	1	1
1	1	0	1
1	1	0	1
0	1	1	1
0	20	6	0
1	1	1	1
1	1	1	1
2	1	2	6
1	1	1	1
1	1	1	1
1	1	1	1
1	1	1	1
1	1	1	1
1	1	1	1
2	6	4	7
1	1	0	1
2	1	1	1
1	1	0	2
1	2	1	1
1	1	1	1
1	1	1	1
1	1	1	1
1	1	1	1
1	1	0	1
2	1	1	2
1	1	1	1
1	1	1	1
1	1	1	1
1	1	1	1
2	1	2	1
1	1	1	1
1	2	2	1
1	1	1	1
2	1	1	2
1	1	1	1
0	1	0	1
1	1	1	1
1	1	1	1
1	1	1	1
1	1	2	1
2	2	1	2
2	1	1	1
1	1	1	1
1	1	1	1
2	2	1	2
1	1	2	1
2	1	1	2
1	1	1	1
1	1	2	1
1	1	1	2
1	1	1	1
1	1	1	1
3	2	1	3
1	1	1	1
1	1	1	1
0	1	1	0
1	1	1	1
0	1	1	0
1	1	1	1
1	1	1	1
1	1	1	1
2	2	1	2
1	1	1	1
2	1	1	2
1	1	1	1
1	1	0	2
1	2	1	1
0	1	1	0
2	1	1	1
1	2	1	1
0	2	2	0
2	1	1	2
0	1	1	0
4	5	5	4
1	1	1	1
2	1	1	2
1	1	1	1
2	3	1	6
1	1	1	1
5	2	3	4
1	1	1	1
2	2	1	2
1	1	1	2
3	4	2	4
1	1	1	2
0	1	1	1
2	2	2	2
1	1	1	2
0	2	3	0
1	1	2	1
1	1	1	1
1	3	2	2
2	2	1	2
1	1	1	1
0	1	1	0
1	1	1	1
2	1	1	2
1	1	1	1
1	1	1	1
1	1	2	1
1	1	2	1
2	1	1	2
1	1	1	1
1	1	1	1
4	3	2	4
0	2	1	0
1	1	1	1
2	1	1	2
1	1	1	1
1	1	1	1
0	1	1	0
1	1	1	1
1	1	1	1
5	3	2	5
1	1	1	1
1	1	2	1
3	2	0	3
1	1	1	1
1	1	1	1
3	2	1	3
0	1	1	0
1	1	1	1
1	1	1	1
1	2	1	1
0	1	1	1
1	1	1	1
1	1	1	1
2	1	1	2
1	1	1	1
1	1	1	1
1	1	1	1
1	1	0	1
1	1	0	1
1	1	2	1
2	1	1	3
1	1	0	1
1	1	1	1
1	1	1	1
1	1	0	1
1	1	2	1
1	1	2	2
1	2	0	1
1	2	3	1
1	1	2	2
0	1	1	0
0	2	1	0
1	1	1	1
2	1	2	1
1	1	1	1
1	1	1	1
1	1	1	1
2	1	1	2
1	1	1	1
1	1	1	1
3	3	3	4
1	1	1	1
1	1	1	1
0	1	1	0
1	1	1	1
1	1	1	1
1	1	0	1
1	1	1	1
2	2	1	3
3	2	2	3
1	2	1	1
2	1	1	2
1	1	0	1
1	1	1	1
1	1	1	1
1	1	1	2
1	1	1	1
1	1	1	1
1	1	1	1
2	2	0	3
1	1	1	1
1	1	0	1
1	1	1	1
2	1	1	2
1	1	0	1
0	1	1	0
0	2	1	0
0	1	1	0
1	1	1	1
1	2	1	1
0	2	1	1
1	1	3	1
1	2	2	1
2	1	1	2
5	4	2	4
1	1	1	1
1	1	1	1
1	1	1	1
1	1	1	1
2	1	0	1
1	1	1	1
1	1	1	1
1	1	1	1
1	2	1	1
1	1	0	1
1	1	1	1
1	1	1	1
2	2	1	1
1	1	1	1
1	1	1	1
1	1	1	1
1	2	2	1
0	1	1	0
1	1	1	1
1	1	0	1
0	1	1	0
0	1	1	0
1	1	2	1
1	1	1	1
1	2	2	1
0	1	1	1
1	2	0	1
1	1	1	1
1	1	1	1
1	1	1	2
1	1	1	1
1	1	1	1
1	1	0	1
3	2	1	2
1	1	1	1
3	2	1	3
3	2	2	3
1	1	1	1
1	1	0	1
1	1	0	1
1	1	1	2
1	1	1	1
2	1	1	2
1	1	1	1
1	1	1	1
2	1	1	1
0	1	1	0
1	1	1	1
1	1	1	1
0	13	2	1
1	1	1	1
1	1	1	1
1	1	0	1
1	1	1	2
1	1	1	2
2	1	1	2
1	1	1	1
1	1	1	1
1	1	1	1
2	1	2	4
1	1	1	1
1	1	1	1
2	1	1	2
2	2	2	3
1	1	1	1
1	1	1	1
2	4	3	3
4	2	3	4
1	1	1	1
1	1	1	1
1	1	1	1
2	1	0	2
1	1	0	1
2	1	1	2
1	2	1	1
1	1	1	1
0	1	1	0
2	2	2	2
1	1	1	1
1	1	0	1
2	1	0	2
2	2	2	2
1	1	1	1
1	1	1	1
2	1	1	1
1	1	2	1
1	1	3	1
1	1	1	3
0	1	1	0
1	1	1	1
2	1	1	3
2	2	1	2
2	1	1	2
1	1	1	2
1	1	1	1
1	1	1	1
3	2	1	3
1	2	1	1
2	2	1	2
1	1	1	1
2	1	2	2
1	1	1	1
1	1	0	1
1	1	1	1
1	1	1	2
1	1	0	1
2	1	1	1
1	1	1	1
4	20	3	16
1	1	1	1
1	1	1	1
3	2	1	3
1	1	1	1
0	1	1	0
1	1	1	1
1	1	1	1
0	1	0	2
1	1	0	1
1	1	1	2
1	1	1	1
1	1	1	1
2	1	2	2
1	1	1	1
1	1	1	1
1	2	1	1
4	4	3	4
1	1	1	1
1	1	1	1
1	1	1	1
2	1	1	1
0	1	1	0
3	2	1	3
1	1	1	1
1	1	1	1
1	1	2	1
1	1	1	2
1	1	1	1
2	1	0	2
1	1	0	1
2	1	1	1
2	3	2	2
2	1	1	2
0	3	2	0
2	2	3	2
2	2	1	2
2	2	2	2
1	1	1	1
1	1	1	2
0	1	1	0
1	1	1	1
2	1	1	2
4	3	2	3
2	1	0	2
1	1	0	1
2	1	1	2
2	1	0	1
1	1	2	1
0	1	1	0
1	1	1	1
1	1	0	1
1	1	1	1
1	1	1	1
3	3	3	3
1	1	2	1
0	1	1	0
1	2	1	1
1	1	0	1
1	1	1	1
1	1	1	1
1	2	1	2
2	1	2	2
0	1	1	0
1	2	1	1
1	1	1	1
1	1	1	1
1	1	1	1
1	1	1	1
2	1	1	2
0	2	1	0
1	1	1	1
1	1	1	1
1	1	1	1
1	1	1	1
1	1	1	1
1	1	1	1
0	1	1	0
1	1	1	0
1	1	1	1
1	2	0	2
1	1	1	2
0	1	0	1
1	1	1	1
3	2	2	3
1	1	1	1
2	2	2	2
1	1	1	2
1	1	1	1
1	1	1	1
1	1	1	1
1	1	1	1
1	1	2	3
2	1	0	2
1	1	1	1
1	1	1	1
1	1	1	1
2	1	1	2
1	1	1	1
4	2	2	3
1	1	0	1
1	1	1	1
1	1	1	1
1	3	1	1
1	1	1	1
2	2	1	2
1	1	2	1
2	1	1	2
1	1	1	1
0	1	1	0
1	1	1	1
1	1	1	1
1	1	1	1
1	1	1	1
1	1	1	1
1	1	1	1
1	1	1	1
1	1	1	1
1	1	0	2
2	1	1	2
2	1	1	1
1	1	1	1
4	3	1	4
1	1	1	1
0	1	1	0
5	4	4	8
2	1	1	1
3	2	2	2
0	1	2	0
1	1	1	1
1	1	1	1
1	1	1	1
1	1	0	1
1	1	1	1
1	1	0	1
1	1	1	1
6	6	5	7
3	2	1	3
0	1	1	1
1	1	1	1
1	1	1	1
1	1	1	1
1	1	1	1
1	2	1	1
1	1	1	1
1	1	1	1
1	1	1	1
2	2	1	1
0	1	1	1
0	1	1	0
1	1	1	1
0	1	1	0
1	2	2	1
2	1	1	2
2	1	0	1
1	1	1	1
1	1	1	1
1	1	1	1
6	6	3	6
1	1	2	1
1	1	1	4
1	1	1	1
1	2	1	1
1	2	1	1
1	1	1	1
1	1	2	1
4	1	1	1
1	1	1	1
1	2	1	1
2	2	1	3
3	3	2	2
1	1	1	1
1	1	1	1
1	1	1	1
1	1	1	1
1	2	1	3
1	1	2	1
1	1	1	1
2	1	1	3
1	1	1	1
1	1	1	1
1	1	1	1
1	2	0	1
2	2	1	1
2	1	1	2
1	1	1	1
1	1	1	1
1	1	1	1
1	1	1	1
1	1	1	1
0	6	1	0
1	1	1	1
1	1	1	1
2	2	1	2
2	1	1	2
1	1	1	1
1	2	2	1
4	3	3	3
1	1	1	1
1	1	1	1
1	2	1	1
0	1	1	0
4	1	2	8
1	1	0	1
1	1	1	1
1	1	1	1
1	1	1	1
1	1	1	3
2	1	1	2
1	1	1	1
1	1	1	1
1	1	0	1
1	1	1	1
0	1	1	0
1	2	1	1
2	1	1	2
1	1	1	1
1	1	1	1
0	1	1	0
3	2	1	3
1	1	1	1
2	1	1	2
1	1	1	1
1	1	1	1
1	1	1	1
1	1	1	1
1	1	1	2
1	1	2	1
1	1	1	2
1	1	2	1
1	1	1	1
3	2	2	3
2	1	1	2
4	1	1	4
1	1	1	1
1	1	0	1
1	1	1	1
3	1	1	1
0	1	1	1
0	1	1	0
1	1	1	1
1	1	1	1
1	1	1	1
2	1	1	2
1	2	2	1
1	1	1	1
1	1	2	1
2	1	3	2
2	1	1	1
1	1	1	1
2	1	1	2
1	1	1	0
0	1	1	0
2	1	1	2
1	1	1	1
1	1	0	1
3	1	1	3
1	1	1	1
1	1	1	1
1	1	0	1
2	1	1	2
1	2	1	1
1	2	1	1
1	1	1	1
2	1	1	2
1	1	1	1
2	2	1	3
2	1	2	2
1	1	1	1
1	1	1	1
2	2	2	2
0	9	0	1
1	1	1	1
1	1	1	1
1	1	1	1
1	1	1	1
0	1	1	0
3	1	2	2
1	1	1	1
3	1	1	3
1	2	1	2
1	1	1	1
0	1	1	0
2	1	1	2
